0 0 0
0 1 0
0.0074999999999999997 1 0.061122744302193742
0.014999999999999999 1 0.21197179194419188
0.022499999999999999 1 0.40711652141699028
0.029999999999999999 1 0.6098066414421931
0.037499999999999999 1 0.79435935672463232
0.044999999999999998 1 0.94495854496415932
0.052499999999999998 1 1.0547554202915943
0.059999999999999998 1 1.1238701348916851
0.067500000000000004 1 1.1571266651311412
0.074999999999999997 1 1.1618935454431052
0.082500000000000004 1 1.1464626718772164
0.089999999999999997 1 1.1189638376701216
0.097500000000000003 1 1.0862728465442024
0.105 1 1.0537992707366701
0.1125 1 1.0253125937151637
0.12 1 1.0028651583021184
0.1275 1 0.98772423479151805
0.13500000000000001 1 0.97835588253839323
0.14249999999999999 1 0.97435379017592583
0.14999999999999999 1 0.97456365154494051
0.1575 1 0.97763175665980506
0.16500000000000001 1 0.98231082490972577
0.17249999999999999 1 0.98754706655392954
0.17999999999999999 1 0.99254930375565742
0.1875 1 0.99681432142835324
0.19500000000000001 1 1.0000959277201644
0.20250000000000001 1 1.0022291241604411
0.20999999999999999 1 1.0034720183359027
0.2175 1 1.0039223294989628
0.22500000000000001 1 1.0037953481177226
0.23250000000000001 1 1.0032941017802481
0.23999999999999999 1 1.0025932817448415
0.2475 1 1.0018331480648859
0.255 1 1.0011165518132479
0.26250000000000001 1 1.000508632973351
0.27000000000000002 1 1.0000503057140109
0.27750000000000002 1 0.99975793880108754
0.28499999999999998 1 0.99958594595251149
0.29249999999999998 1 0.99950301419758325
0.29999999999999999 1 0.99949819379047566
0.3075 1 0.99954817327793577
0.315 1 0.99962992198923051
0.32250000000000001 1 0.99972380206232914
0.33000000000000002 1 0.99981467181770367
0.33750000000000002 1 0.99989260493217191
0.34499999999999997 1 0.99995463373512261
0.35249999999999998 1 1.0000001120360837
0.35999999999999999 1 1.0000302155299048
0.36749999999999999 1 1.0000472618642267
0.375 1 1.0000539843884133
0.38250000000000001 1 1.0000532310214718
0.39000000000000001 1 1.0000476113985957
0.39750000000000002 1 1.0000393211620937
0.40500000000000003 1 1.0000300680638987
0.41249999999999998 1 1.0000210715465612
0.41999999999999998 1 1.0000131118901572
0.42749999999999999 1 1.0000066012844733
0.435 1 1.0000016708651187
0.4425 1 0.99999825474685988
0.45000000000000001 1 0.99999616385191104
0.45750000000000002 1 0.99999514573873982
0.46500000000000002 1 0.99999493257991023
0.47249999999999998 1 0.99999527112699971
0.47999999999999998 1 0.99999594028540961
0.48749999999999999 1 0.99999676405707749
0.495 1 0.99999761159515677
0.50249999999999995 1.5 1.0037752598731322
0.51000000000000001 1.5 1.0518704624250819
0.51749999999999996 1.5 1.1370005845462747
0.52500000000000002 1.5 1.2374900965179001
0.53249999999999997 1.5 1.3369741864240845
0.54000000000000004 1.5 1.4242190381189603
0.54749999999999999 1.5 1.4929075177437106
0.55500000000000005 1.5 1.5399793817590355
0.5625 1.5 1.568302375595094
0.56999999999999995 1.5 1.5799684572549844
0.57750000000000001 1.5 1.5787482361726528
0.58499999999999996 1.5 1.5688300715192041
0.59250000000000003 1.5 1.5540607721203505
0.59999999999999998 1.5 1.5376647573928781
0.60750000000000004 1.5 1.5220712755640775
0.61499999999999999 1.5 1.5088453527695305
0.62250000000000005 1.5 1.4987866600571387
0.63 1.5 1.4924667557518565
0.63749999999999996 1.5 1.4887009518556833
0.64500000000000002 1.5 1.4873730641859555
0.65249999999999997 1.5 1.4879137635358277
0.66000000000000003 1.5 1.4896613564701517
0.66749999999999998 1.5 1.4920425578666103
0.67500000000000004 1.5 1.4945652064902872
0.6825 1.5 1.4969014612439382
0.68999999999999995 1.5 1.4988391163815167
0.69750000000000001 1.5 1.500265597862336
0.70499999999999996 1.5 1.5011224103062903
0.71250000000000002 1.5 1.5016428493146587
0.71999999999999997 1.5 1.5018166861145403
0.72750000000000004 1.5 1.5017362513988999
0.73499999999999999 1.5 1.5014916818175663
0.74250000000000005 1.5 1.5011625294222273
0.75 1.5 1.5008120213947147
0.75749999999999995 1.5 1.5004882955085186
0.76500000000000001 1.5 1.5002190631013779
0.77249999999999996 1.5 1.5000263302341867
0.78000000000000003 1.5 1.4999017047044276
0.78749999999999998 1.5 1.4998285976323595
0.79500000000000004 1.5 1.4997956666304828
0.80249999999999999 1.5 1.4997915296252251
0.81000000000000005 1.5 1.49980885836494
0.8175 1.5 1.4998390680573732
0.82499999999999996 1.5 1.4998744358949285
0.83250000000000002 1.5 1.4999094224591591
0.83999999999999997 1.5 1.4999409110262096
0.84750000000000003 1.5 1.4999671698742367
0.85499999999999998 1.5 1.4999875416555004
0.86250000000000004 1.5 1.5000021389077725
0.87 1.5 1.5000115716860671
0.87749999999999995 1.5 1.5000167218125577
0.88500000000000001 1.5 1.5000185681355651
0.89249999999999996 1.5 1.5000180629209308
0.90000000000000002 1.5 1.5000160547328907
0.90749999999999997 1.5 1.5000132402583186
0.91500000000000004 1.5 1.50001015465687
0.92249999999999999 1.5 1.5000071765854439
0.93000000000000005 1.5 1.5000045457510784
0.9375 1.5 1.5000023881919706
0.94499999999999995 1.5 1.5000007430446849
0.95250000000000001 1.5 1.499999588644745
0.95999999999999996 1.5 1.499998865101823
0.96750000000000003 1.5 1.4999984929438213
0.97499999999999998 1.5 1.4999983873622083
0.98250000000000004 1.5 1.4999984674564615
0.98999999999999999 1.5 1.4999986620870112
0.99750000000000005 1.5 1.4999989147132247
1.0049999999999999 0.5 1.4715514974122872
1.0125 0.5 1.3453884507214264
1.02 0.5 1.1603497150108775
1.0275000000000001 0.5 0.95678179339725389
1.0349999999999999 0.5 0.76390871674112915
1.0425 0.5 0.600872332898576
1.05 0.5 0.47716910764055398
1.0575000000000001 0.5 0.39487369395461303
1.0649999999999999 0.5 0.35054086205808843
1.0725 0.5 0.33721856132109546
1.0800000000000001 0.5 0.34681698962756757
1.0874999999999999 0.5 0.37113979081727111
1.095 0.5 0.40271258149727884
1.1025 0.5 0.43571288308949985
1.1100000000000001 0.5 0.46578996278090656
1.1174999999999999 0.5 0.49038069403021994
1.125 0.5 0.50837280505403515
1.1325000000000001 0.5 0.51968591809229681
1.1399999999999999 0.5 0.52518489146287295
1.1475 0.5 0.52612530567784788
1.155 0.5 0.52376067137946736
1.1625000000000001 0.5 0.51940666961794579
1.1699999999999999 0.5 0.51419179561027473
1.1775 0.5 0.5090050743555341
1.1850000000000001 0.5 0.50443358412734929
1.1924999999999999 0.5 0.5008168224141919
1.2 0.5 0.49839968282465319
1.2075 0.5 0.49684897023419561
1.2150000000000001 0.5 0.49615166844909075
1.2224999999999999 0.5 0.49611037830118071
1.23 0.5 0.49650764105553957
1.2375 0.5 0.49715944198433071
1.2450000000000001 0.5 0.49791329188728634
1.2524999999999999 0.5 0.49865367448840886
1.26 0.5 0.49930673062631176
1.2675000000000001 0.5 0.49981822894557659
1.2749999999999999 0.5 0.5001460981599003
1.2825 0.5 0.50034445348993528
1.29 0.5 0.50046215303335251
1.2975000000000001 0.5 0.50049606292321125
1.3049999999999999 0.5 0.50046678660352095
1.3125 0.5 0.5003974329736004
1.3200000000000001 0.5 0.50030875571792088
1.3274999999999999 0.5 0.50021742436808869
1.335 0.5 0.50013562500759312
1.3425 0.5 0.50006990439993548
1.3500000000000001 0.5 0.50002005570333274
1.3574999999999999 0.5 0.49998530465862639
1.365 0.5 0.49996373952382489
1.3725000000000001 0.5 0.49995287545176154
1.3799999999999999 0.5 0.49995007998137531
1.3875 0.5 0.49995286765945801
1.395 0.5 0.49995908043983656
1.4025000000000001 0.5 0.49996697650191863
1.4099999999999999 0.5 0.49997525054453945
1.4175 0.5 0.49998300621994918
1.425 0.5 0.49998970024279565
1.4325000000000001 0.5 0.49999507265653276
1.4399999999999999 0.5 0.49999907457140302
1.4475 0.5 0.50000180090261814
1.4550000000000001 0.5 0.50000343266024549
1.4624999999999999 0.5 0.50000419077332581
1.47 0.5 0.5000043021727878
1.4775 0.5 0.50000397623650383
1.4850000000000001 0.5 0.50000339211980094
1.4924999999999999 0.5 0.50000269198467462
