0 0 0
0 1 0
0.014999999999999999 1 0.0013269073955769399
0.029999999999999999 1 0.0049282294121583328
0.044999999999999998 1 0.010306621293966445
0.059999999999999998 1 0.017064054049280054
0.074999999999999997 1 0.024884688142692533
0.089999999999999997 1 0.033516556401875716
0.105 1 0.042758958111330708
0.12 1 0.052451714212696947
0.13500000000000001 1 0.062468254700711615
0.14999999999999999 1 0.07270653552221415
0.16500000000000001 1 0.083087774050353183
0.17999999999999999 1 0.093547646572152865
0.19500000000000001 1 0.10403611186453975
0.20999999999999999 1 0.11451330760925325
0.22500000000000001 1 0.12494787887458919
0.23999999999999999 1 0.13531535760810623
0.255 1 0.14559676975853342
0.27000000000000002 1 0.15577522194735605
0.28499999999999998 1 0.16584106202758339
0.29999999999999999 1 0.17578575721372103
0.315 1 0.1856029777721151
0.33000000000000002 1 0.19528892733663686
0.34499999999999997 1 0.20483994659546118
0.35999999999999999 1 0.21425381661877499
0.375 1 0.22352927508896789
0.39000000000000001 1 0.23266583543617123
0.40500000000000003 1 0.24166350927546529
0.41999999999999998 1 0.25052303559520978
0.435 1 0.25924686127984237
0.45000000000000001 1 0.26783609897362542
0.46500000000000002 1 0.27629205322450517
0.47999999999999998 1 0.28461617442879722
0.495 1 0.29281002269564549
0.51000000000000001 1 0.30087523942029987
0.52500000000000002 1 0.3088135248357185
0.54000000000000004 1 0.31662662023173471
0.55500000000000005 1 0.32431629384755611
0.56999999999999995 1 0.33188432967385911
0.58499999999999996 1 0.33933251856994723
0.59999999999999998 1 0.3466626512285314
0.61499999999999999 1 0.35387651261787861
0.63 1 0.36097587760667249
0.64500000000000002 1 0.36796250753631338
0.66000000000000003 1 0.37483814755243516
0.67500000000000004 1 0.38160452454480481
0.68999999999999995 1 0.38826334557464792
0.70499999999999996 1 0.39481629669233353
0.71999999999999997 1 0.40126504206748398
0.73499999999999999 1 0.4076112233689288
0.75 1 0.41385645934424942
0.76500000000000001 1 0.42000234555851679
0.78000000000000003 1 0.42605045425982396
0.79500000000000004 1 0.43200233434552521
0.81000000000000005 1 0.43785951140830659
0.82499999999999996 1 0.4436234878452272
0.83999999999999997 1 0.44929574301630526
0.85499999999999998 1 0.45487773344177307
0.87 1 0.46037089302933343
0.88500000000000001 1 0.46577663332445446
0.90000000000000002 1 0.47109634377810172
0.91500000000000004 1 0.47633139202744745
0.93000000000000005 1 0.48148312418596445
0.94499999999999995 1 0.48655286514005669
0.95999999999999996 1 0.49154191884992299
0.97499999999999998 1 0.49645156865284878
0.98999999999999999 1 0.50128307756746093
1.0049999999999999 1 0.50603768859780629
1.02 1 0.51071662503634208
1.0349999999999999 1 0.51532109076511767
1.05 1 0.51985227055459238
1.0649999999999999 1 0.52431133035964672
1.0800000000000001 1 0.52869941761245343
1.095 1 0.53301766151195162
1.1100000000000001 1 0.53726717330972862
1.125 1 0.54144904659217052
1.1399999999999999 1 0.54556435755878108
1.155 1 0.54961416529659968
1.1699999999999999 1 0.55359951205067903
1.1850000000000001 1 0.55752142349060207
1.2 1 0.56138090897303194
1.2150000000000001 1 0.56517896180030802
1.23 1 0.56891655947510655
1.2450000000000001 1 0.57259466395119174
1.26 1 0.57621422188029059
1.2749999999999999 1 0.57977616485514161
1.29 1 0.5832814096487402
1.3049999999999999 1 0.58673085844984707
1.3200000000000001 1 0.59012539909479478
1.335 1 0.59346590529564425
1.3500000000000001 1 0.59675323686474646
1.365 1 0.59998823993575756
1.3799999999999999 1 0.60317174718114963
1.395 1 0.6063045780262929
1.4099999999999999 1 0.60938753886013031
1.425 1 0.61242142324251803
1.4399999999999999 1 0.61540701210828397
1.4550000000000001 1 0.61834507396802751
1.47 1 0.62123636510575297
1.4850000000000001 1 0.62408162977334791
1.5 1 0.62688160038197682
1.5149999999999999 1 0.62963699769042725
1.53 1 0.63234853099048394
1.5449999999999999 1 0.63501689828931962
1.5600000000000001 1 0.63764278648902106
1.575 1 0.64022687156323499
1.5900000000000001 1 0.64276981873102623
1.605 1 0.645272282627949
1.6200000000000001 1 0.64773490747441687
1.635 1 0.65015832724139111
1.6499999999999999 1 0.65254316581341276
1.665 1 0.65489003714906924
1.6799999999999999 1 0.65719954543889902
1.6950000000000001 1 0.65947228526078594
1.71 1 0.66171014627263058
1.7250000000000001 1 0.66391228742905595
1.74 1 0.66607928038445074
1.7549999999999999 1 0.66821168762179539
1.77 1 0.67031006259995651
1.7849999999999999 1 0.67237494989857838
1.8 1 0.6744068853607299
1.8149999999999999 1 0.676406396233175
1.8300000000000001 1 0.67837400130446524
1.845 1 0.68031021104078526
1.8600000000000001 1 0.68221552771958394
1.875 1 0.68409044556103282
1.8899999999999999 1 0.68593545085750107
1.905 1 0.68775102210089667
1.9199999999999999 1 0.6895376301077969
1.9350000000000001 1 0.6912957381428102
1.95 1 0.69302580203987052
1.9650000000000001 1 0.69472827032153062
1.98 1 0.69640358431630844
1.9950000000000001 1 0.69805217827438637
2.0099999999999998 1 0.69967447948110761
2.0249999999999999 1 0.70127090836890849
2.04 1 0.70284187862734937
2.0550000000000002 1 0.70438779731134971
2.0699999999999998 1 0.70590906494778605
2.085 1 0.70740607564032398
2.1000000000000001 1 0.70887921717251579
2.1150000000000002 1 0.71032887110931775
2.1299999999999999 1 0.71175541289694666
2.145 1 0.71315921196113552
2.1600000000000001 1 0.71454063180375904
2.1749999999999998 1 0.71590003009802827
2.1899999999999999 1 0.71723775878198703
2.2050000000000001 1 0.71855416415074591
2.2200000000000002 1 0.71984958694696888
2.2349999999999999 1 0.72112436245007472
2.25 1 0.72237882056393343
2.2650000000000001 1 0.72361328590322582
2.2799999999999998 1 0.7248280778783418
2.2949999999999999 1 0.72602351077896299
2.3100000000000001 1 0.72719989385623229
2.3250000000000002 1 0.72835753140369786
2.3399999999999999 1 0.72949672283688505
2.355 1 0.73061776277168478
2.3700000000000001 1 0.73172094110134023
2.3849999999999998 1 0.73280707257436428
2.3999999999999999 1 0.73387590547856529
2.415 1 0.73492771515302013
2.4300000000000002 1 0.7359627725557043
2.4449999999999998 1 0.73698134433318763
2.46 1 0.73798369288928256
2.4750000000000001 1 0.7389700764524475
2.4900000000000002 1 0.73994074914230268
2.5049999999999999 1 0.74089596103494881
2.52 1 0.74183595822730763
2.5350000000000001 1 0.74276098290044046
2.5499999999999998 1 0.74367127338184469
2.5649999999999999 1 0.74456706420673902
2.5800000000000001 1 0.74544858617839183
2.5950000000000002 1 0.74631606642756232
2.6099999999999999 1 0.74716972847081331
2.625 1 0.74800979226813802
2.6400000000000001 1 0.74883647427944433
2.6549999999999998 1 0.74964998752029255
2.6699999999999999 1 0.75045054161664926
2.6850000000000001 1 0.75123834285887003
2.7000000000000002 1 0.75201359425472347
2.7149999999999999 1 0.75277649558165305
2.73 1 0.75352724343812383
2.7450000000000001 1 0.75426603129421421
2.7599999999999998 1 0.75499304954143065
2.7749999999999999 1 0.75570848554161296
2.79 1 0.7564125236751762
2.8050000000000002 1 0.75710534538856633
2.8199999999999998 1 0.75778712924093661
2.835 1 0.75845805094995189
2.8500000000000001 1 0.75911828343724774
2.8650000000000002 1 0.75976799687268004
2.8799999999999999 1 0.76040735871823217
2.895 1 0.76103653377106806
2.9100000000000001 1 0.76165568420586915
2.9249999999999998 1 0.76226496961669554
2.9399999999999999 1 0.76286454705793028
2.9550000000000001 1 0.76345457108464809
2.9700000000000002 1 0.7640351937925276
2.9849999999999999 1 0.76460656485685796
