0 0 0
0 1 0
0.025000000000000001 1 0.039017432705899781
0.050000000000000003 1 0.076129545189836903
0.074999999999999997 1 0.1114316698198896
0.10000000000000001 1 0.14501210729730207
0.125 1 0.17695483674037105
0.14999999999999999 1 0.20733965475787206
0.17499999999999999 1 0.23624253449271723
0.20000000000000001 1 0.26373560013244907
0.22500000000000001 1 0.28988776678746714
0.25 1 0.31476445326618679
0.27500000000000002 1 0.33842788654450823
0.29999999999999999 1 0.36093725772444746
0.32500000000000001 1 0.38234887041275978
0.34999999999999998 1 0.40271628190650849
0.375 1 0.42209025720469068
0.40000000000000002 1 0.44051924084247712
0.42499999999999999 1 0.45804933298065342
0.45000000000000001 1 0.47472438445037518
0.47499999999999998 1 0.4905861065232186
0.5 1 0.50567417532249503
0.52500000000000002 1 0.52002620313945835
0.55000000000000004 1 0.53367825614808262
0.57499999999999996 1 0.54666447247426431
0.59999999999999998 1 0.55901729497651886
0.625 1 0.57076764744266328
0.65000000000000002 1 0.58194491739020326
0.67500000000000004 1 0.59257705854653886
0.69999999999999996 1 0.60269066081098666
0.72499999999999998 1 0.61231101680212285
0.75 1 0.62146218515715623
0.77500000000000002 1 0.63016705074190082
0.80000000000000004 1 0.63844800109542277
0.82499999999999996 1 0.64632509359111978
0.84999999999999998 1 0.65381799995095069
0.875 1 0.6609454600297866
0.90000000000000002 1 0.66772529947854176
0.92500000000000004 1 0.67417447434600131
0.94999999999999996 1 0.68030910805418987
0.97499999999999998 1 0.68614455175526656
1 1 0.69169539783064915
1.0249999999999999 1 0.69697552699529253
1.05 1 0.70199814300099284
1.075 1 0.70677580288616959
1.1000000000000001 1 0.71132045691479495
1.125 1 0.71564346988351035
1.1499999999999999 1 0.71975565218918014
1.175 1 0.72366728687552684
1.2 1 0.72738815535999235
1.2250000000000001 1 0.7309275619055714
1.25 1 0.73429435689854561
1.2749999999999999 1 0.7374969589905882
1.3 1 0.7405433776670689
1.325 1 0.74344123044815458
1.3500000000000001 1 0.74619778087805966
1.375 1 0.7488198943458737
1.3999999999999999 1 0.75131412901838035
1.425 1 0.75368672304740747
1.45 1 0.75594361017897016
1.4750000000000001 1 0.7580904345994246
1.5 1 0.76013257310728477
1.5249999999999999 1 0.76207512420415624
1.55 1 0.76392294464000243
1.575 1 0.76568065428420651
1.6000000000000001 1 0.76735264767938693
1.625 1 0.76894310503163421
1.6499999999999999 1 0.77045600266461955
1.675 1 0.77189512296385021
1.7 1 0.77326406383580626
1.7250000000000001 1 0.77456624695275311
1.75 1 0.77580493018836849
1.7749999999999999 1 0.77698321231190159
1.8 1 0.77810404065642791
1.825 1 0.7791702513214771
1.8500000000000001 1 0.78018447572344585
1.875 1 0.78114924834879451
1.8999999999999999 1 0.78206698012509523
1.925 1 0.78293996444414093
1.95 1 0.78377039485869426
1.9750000000000001 1 0.7845603499410132
2 1 0.78531180292660663
2.0249999999999999 1 0.7860266308514392
2.0499999999999998 1 0.78670661924181384
2.0750000000000002 1 0.78735346657562744
2.1000000000000001 1 0.78796878852613583
2.125 1 0.78855412199883912
2.1499999999999999 1 0.78911092875806965
2.1749999999999998 1 0.78964060062339281
2.2000000000000002 1 0.79014446215147716
2.2250000000000001 1 0.79062377309974541
2.25 1 0.79107973160148681
2.2749999999999999 1 0.79151213789938035
2.2999999999999998 1 0.79192359017338498
2.3250000000000002 1 0.79231510309021902
2.3500000000000001 1 0.79268764220171195
2.375 1 0.79304212632174265
2.3999999999999999 1 0.79337942978815557
2.4249999999999998 1 0.79370038461522385
2.4500000000000002 1 0.79400578254195242
2.4750000000000001 1 0.79429637698126254
2.5 1 0.79457288487485433
2.5249999999999999 1 0.79483598845830983
2.5499999999999998 1 0.79508633694078079
2.5750000000000002 1 0.79532454810339415
2.6000000000000001 1 0.7955512098203088
2.625 1 0.79576688150616437
2.6499999999999999 1 0.79597209549348635
2.6749999999999998 1 0.79616735834343588
2.7000000000000002 1 0.7963531520931274
2.7250000000000001 1 0.79652993544258877
2.75 1 0.79669814488427715
2.7749999999999999 1 0.79685819577793815
2.7999999999999998 1 0.79701048337344593
2.8250000000000002 1 0.79715538378414807
2.8500000000000001 1 0.79729325491310377
2.875 1 0.797424659185344
2.8999999999999999 1 0.79754964010384632
2.9249999999999998 1 0.79766851417742657
2.9500000000000002 1 0.79778158219566575
2.9750000000000001 1 0.79788913001235207
3 1 0.79799142928984379
3.0249999999999999 1 0.79808873820628423
3.0499999999999998 1 0.79818130212752614
3.0750000000000002 1 0.79826935424550838
3.1000000000000001 1 0.79835311618480598
3.125 1 0.79843279857890836
3.1499999999999999 1 0.79850860161774007
3.1749999999999998 1 0.79858071556789412
3.2000000000000002 1 0.79864932126688426
3.2250000000000001 1 0.79871459059277428
3.25 1 0.79877678287425546
3.2749999999999999 1 0.79883595419626241
3.2999999999999998 1 0.79889225103139139
3.3250000000000002 1 0.79894581275784204
3.3500000000000001 1 0.79899677200285835
3.375 1 0.79904525496956424
3.3999999999999999 1 0.79909138174798322
3.4249999999999998 1 0.799135266610976
3.4500000000000002 1 0.79917701829589416
3.4750000000000001 1 0.79921674027257517
3.5 1 0.79925453099836186
3.5249999999999999 1 0.79929048416080517
3.5499999999999998 1 0.79932468890860753
3.5750000000000002 1 0.79935723007136084
3.6000000000000001 1 0.79938818836868597
3.625 1 0.79941764060925324
3.6499999999999999 1 0.79944565988012029
3.6749999999999998 1 0.79947231572695432
3.7000000000000002 1 0.799497674325513
3.7250000000000001 1 0.79952179864481598
3.75 1 0.79954474860244051
3.7749999999999999 1 0.79956658121227575
3.7999999999999998 1 0.79958735072512988
3.8250000000000002 1 0.79960710876254815
3.8500000000000001 1 0.79962590444413362
3.875 1 0.79964378450870111
3.8999999999999999 1 0.7996607934296116
3.9249999999999998 1 0.79967697352444989
3.9500000000000002 1 0.79969236505944175
3.9750000000000001 1 0.79970701442733616
4 1 0.79972096620236188
4.0250000000000004 1 0.79973425360340755
4.0499999999999998 1 0.79974690826750061
4.0750000000000002 1 0.79975896032513671
4.0999999999999996 1 0.79977043847201768
4.125 1 0.79978137003737626
4.1500000000000004 1 0.79979178104904702
4.1749999999999998 1 0.79980169629543651
4.2000000000000002 1 0.79981113938454507
4.2249999999999996 1 0.79982013280017672
4.25 1 0.79982869795547218
4.2750000000000004 1 0.79983685524389347
4.2999999999999998 1 0.79984462408778068
4.3250000000000002 1 0.79985202298459468
4.3499999999999996 1 0.79985906955096109
4.375 1 0.79986578056461377
4.4000000000000004 1 0.79987217200434235
4.4249999999999998 1 0.79987825908803789
4.4500000000000002 1 0.79988405630892601
4.4749999999999996 1 0.79988957747007483
4.5 1 0.79989483571726028
4.5250000000000004 1 0.79989984357026533
4.5499999999999998 1 0.79990461295268966
4.5750000000000002 1 0.79990915522033934
4.5999999999999996 1 0.79991348118826489
4.625 1 0.79991760115651167
4.6500000000000004 1 0.79992152493464375
4.6749999999999998 1 0.79992526186510071
4.7000000000000002 1 0.79992882084544148
4.7249999999999996 1 0.79993221034952977
4.75 1 0.79993543844770931
4.7750000000000004 1 0.79993851282601958
4.7999999999999998 1 0.79994144080449658
4.8250000000000002 1 0.79994422935460108
4.8499999999999996 1 0.79994688511581735
4.875 1 0.79994941441146228
4.9000000000000004 1 0.79995182326374081
4.9249999999999998 1 0.79995411740808453
4.9500000000000002 1 0.79995630230680759
4.9749999999999996 1 0.79995838316211254
