0 0 0
0 1 0
0.014999999999999999 1 0.0013762714688085155
0.029999999999999999 1 0.0053123047175951824
0.044999999999999998 1 0.011498239605526903
0.059999999999999998 1 0.019656086384766125
0.074999999999999997 1 0.029538856305442319
0.089999999999999997 1 0.040917431024804884
0.105 1 0.053583817341325106
0.12 1 0.067349274136923792
0.13500000000000001 1 0.082042718759169297
0.14999999999999999 1 0.09750937624977736
0.16500000000000001 1 0.11360955048954346
0.17999999999999999 1 0.13021688831906653
0.19500000000000001 1 0.14721756677926875
0.20999999999999999 1 0.16450920998129326
0.22500000000000001 1 0.18200041869341277
0.23999999999999999 1 0.19960905484256294
0.255 1 0.21726199582538858
0.27000000000000002 1 0.23489439074673785
0.28499999999999998 1 0.25244887141267297
0.29999999999999999 1 0.2698748634545981
0.315 1 0.28712769519835307
0.33000000000000002 1 0.30416836668073116
0.34499999999999997 1 0.3209628468237673
0.35999999999999999 1 0.33748198932435347
0.375 1 0.3537007242039355
0.39000000000000001 1 0.36959784413854674
0.40500000000000003 1 0.38515570309316893
0.41999999999999998 1 0.40035980130002558
0.435 1 0.4151983496358348
0.45000000000000001 1 0.42965205709126464
0.46500000000000002 1 0.4437234643526578
0.47999999999999998 1 0.45740792969008459
0.495 1 0.47070281988594287
0.51000000000000001 1 0.48360719361118304
0.52500000000000002 1 0.49612154801927399
0.54000000000000004 1 0.50826272013309604
0.55500000000000005 1 0.52001963281545482
0.56999999999999995 1 0.53139594097641141
0.58499999999999996 1 0.54239612449158447
0.59999999999999998 1 0.55302540840384484
0.61499999999999999 1 0.56328967463478352
0.63 1 0.57319537352053052
0.64500000000000002 1 0.58274943984743244
0.66000000000000003 1 0.59195921542635843
0.67500000000000004 1 0.60083237905407605
0.68999999999999995 1 0.60937688447188831
0.70499999999999996 1 0.61760113188375731
0.71999999999999997 1 0.62551349499669773
0.73499999999999999 1 0.63312241847377215
0.75 1 0.64043642115726884
0.76500000000000001 1 0.64746405863206824
0.78000000000000003 1 0.65421388964162319
0.79500000000000004 1 0.66069444748259321
0.81000000000000005 1 0.66691421362091474
0.82499999999999996 1 0.67288159477403442
0.83999999999999997 1 0.67860490283948138
0.85499999999999998 1 0.68409233741580255
0.87 1 0.68935197068181997
0.88500000000000001 1 0.69439173441865165
0.90000000000000002 1 0.6992194089761089
0.91500000000000004 1 0.70384261400091552
0.93000000000000005 1 0.70826880075890386
0.94499999999999995 1 0.71250524589692377
0.95999999999999996 1 0.71655904650278024
0.97499999999999998 1 0.72043711633313023
0.98999999999999999 1 0.72414628515476975
1.0049999999999999 1 0.72769298621923939
1.02 1 0.73108356958854004
1.0349999999999999 1 0.73432419645798164
1.05 1 0.73742083963197924
1.0649999999999999 1 0.74037928458422053
1.0800000000000001 1 0.74320513103256569
1.095 1 0.74590379496514203
1.1100000000000001 1 0.7484805110597742
1.125 1 0.75094033544409977
1.1399999999999999 1 0.75328814874850625
1.155 1 0.75552865940846481
1.1699999999999999 1 0.7576664071768775
1.1850000000000001 1 0.75970576681081903
1.2 1 0.76165095190047605
1.2150000000000001 1 0.76350601881123414
1.23 1 0.76527487071279277
1.2450000000000001 1 0.76696126167181911
1.26 1 0.76856880078710343
1.2749999999999999 1 0.77010095634839981
1.29 1 0.7715610600022077
1.3049999999999999 1 0.7729523105616849
1.3200000000000001 1 0.77427778005044123
1.335 1 0.77554041790013784
1.3500000000000001 1 0.77674305294283985
1.365 1 0.77788839744576299
1.3799999999999999 1 0.77897905108623944
1.395 1 0.78001432759940137
1.4099999999999999 1 0.78100017314290571
1.425 1 0.78193884196161678
1.4399999999999999 1 0.78283249282920575
1.4550000000000001 1 0.78368319255753649
1.47 1 0.784492919419019
1.4850000000000001 1 0.7852635664802915
1.5 1 0.78599694484606009
1.5149999999999999 1 0.78669478681236571
1.53 1 0.78735874892892455
1.5449999999999999 1 0.78799041497053268
1.5600000000000001 1 0.7885912988178323
1.575 1 0.78916284724800034
1.5900000000000001 1 0.78970644263616396
1.605 1 0.79022340556854775
1.6200000000000001 1 0.79071499736854489
1.635 1 0.79118242253705673
1.6499999999999999 1 0.79162683110858367
1.665 1 0.79204932092465918
1.6799999999999999 1 0.79245093982632309
1.6950000000000001 1 0.79283268776740745
1.71 1 0.79319551885046058
1.7250000000000001 1 0.79354034328721712
1.74 1 0.79386802928552547
1.7549999999999999 1 0.79417940486470018
1.77 1 0.79447525960127086
1.7849999999999999 1 0.79475685826117204
1.8 1 0.79502427679249843
1.8149999999999999 1 0.79527821655556696
1.8300000000000001 1 0.79551934521920387
1.845 1 0.79574829829482341
1.8600000000000001 1 0.79596568060734985
1.875 1 0.79617206770480686
1.8899999999999999 1 0.79636800720887191
1.905 1 0.79655402010833865
1.9199999999999999 1 0.79673060199740986
1.9350000000000001 1 0.79689822426105728
1.95 1 0.79705733520902788
1.9650000000000001 1 0.79720836116070781
1.98 1 0.79735170748245932
1.9950000000000001 1 0.79748775957937701
2.0099999999999998 1 0.79761708470263326
2.0249999999999999 1 0.79773982452223524
2.04 1 0.7978563074596744
2.0550000000000002 1 0.79796684599156442
2.0699999999999998 1 0.79807173739543769
2.085 1 0.79817126446258257
2.1000000000000001 1 0.79826569617928544
2.1150000000000002 1 0.79835528837765324
2.1299999999999999 1 0.7984402843573799
2.145 1 0.79852091547951898
2.1600000000000001 1 0.79859740173346727
2.1749999999999998 1 0.79866995227838367
2.1899999999999999 1 0.79873876595987392
2.2050000000000001 1 0.79880403180326931
2.2200000000000002 1 0.79886592948418278
2.2349999999999999 1 0.79892462977757739
2.25 1 0.79898029498614032
2.2650000000000001 1 0.79903307934888801
2.2799999999999998 1 0.79908312943070803
2.2949999999999999 1 0.79913058449402152
2.3100000000000001 1 0.79917557685301932
2.3250000000000002 1 0.79921823221121935
2.3399999999999999 1 0.79925866998349182
2.355 1 0.79929700360267641
2.3700000000000001 1 0.79933334081184892
2.3849999999999998 1 0.79936778394298136
2.3999999999999999 1 0.79940043018202389
2.415 1 0.79943137182178681
2.4300000000000002 1 0.79946069650262641
2.4449999999999998 1 0.79948850879122391
2.46 1 0.79951490044272799
2.4750000000000001 1 0.79953994317363175
2.4900000000000002 1 0.79956370513328989
2.5049999999999999 1 0.79958625107796755
2.52 1 0.79960764253661276
2.5350000000000001 1 0.79962793796873477
2.5499999999999998 1 0.79964719291474928
2.5649999999999999 1 0.79966546013913842
2.5800000000000001 1 0.7996827897667742
2.5950000000000002 1 0.79969922941268301
2.6099999999999999 1 0.7997148243054728
2.625 1 0.7997296174050752
2.6400000000000001 1 0.79974364951462851
2.6549999999999998 1 0.79975695938689162
2.6699999999999999 1 0.79976958382586705
2.6850000000000001 1 0.79978155778310089
2.7000000000000002 1 0.79979291444934753
2.7149999999999999 1 0.79980368534214197
2.73 1 0.79981390038880473
2.7450000000000001 1 0.79982358800554398
2.7599999999999998 1 0.79983277517250762
2.7749999999999999 1 0.79984148750541495
2.79 1 0.79984974932338371
2.8050000000000002 1 0.79985758371389482
2.8199999999999998 1 0.79986501259404386
2.835 1 0.79987205676935758
2.8500000000000001 1 0.79987873598939663
2.8650000000000002 1 0.79988506900032474
2.8799999999999999 1 0.79989107359545564
2.895 1 0.79989676666309828
2.9100000000000001 1 0.79990216423172811
2.9249999999999998 1 0.79990728151360291
2.9399999999999999 1 0.79991213294545682
2.9550000000000001 1 0.79991673222786086
2.9700000000000002 1 0.79992109236208409
2.9849999999999999 1 0.7999252256853695
