0 0 0
0 1 0
0.014999999999999999 1 0.0087949811787310685
0.029999999999999999 1 0.034342067951266451
0.044999999999999998 1 0.075081745057935953
0.059999999999999998 1 0.12924261173987073
0.074999999999999997 1 0.19486375100963046
0.089999999999999997 1 0.26984985693886271
0.105 1 0.352007165565695
0.12 1 0.43912535908333855
0.13500000000000001 1 0.52904916204899488
0.14999999999999999 1 0.61963369369112131
0.16500000000000001 1 0.70886307645161217
0.17999999999999999 1 0.79488409936119708
0.19500000000000001 1 0.87600838741485731
0.20999999999999999 1 0.95075564516355682
0.22500000000000001 1 1.0178560201448605
0.23999999999999999 1 1.0762920653874064
0.255 1 1.1253007864255278
0.27000000000000002 1 1.1643175231414806
0.28499999999999998 1 1.1931160011506996
0.29999999999999999 1 1.2116621462408315
0.315 1 1.2201620510898135
0.33000000000000002 1 1.2190649921681953
0.34499999999999997 1 1.2089028343963011
0.35999999999999999 1 1.1904214501395665
0.375 1 1.1645138693716177
0.39000000000000001 1 1.1321758128663939
0.40500000000000003 1 1.0944867824171776
0.41999999999999998 1 1.0525803227977353
0.435 1 1.0076154584701253
0.45000000000000001 1 0.96074815086530063
0.46500000000000002 1 0.91311460589978422
0.47999999999999998 1 0.86579822960963693
0.495 1 0.81980167968453521
0.51000000000000001 1 0.77604971664431766
0.52500000000000002 1 0.73537355745000033
0.54000000000000004 1 0.69847992436080375
0.55500000000000005 1 0.66595372002961395
0.56999999999999995 1 0.63824649624074203
0.58499999999999996 1 0.61571447318525585
0.59999999999999998 1 0.59851809135240452
0.61499999999999999 1 0.58672705662792013
0.63 1 0.5802656109393054
0.64500000000000002 1 0.57892735075428925
0.66000000000000003 1 0.58247900955391108
0.67500000000000004 1 0.59056611881162302
0.68999999999999995 1 0.60274108479290378
0.70499999999999996 1 0.61850190571265951
0.71999999999999997 1 0.63729469016828921
0.73499999999999999 1 0.65853427010135701
0.75 1 0.68161640091003117
0.76500000000000001 1 0.70593016649135654
0.78000000000000003 1 0.73087341432993425
0.79500000000000004 1 0.75586715048748143
0.81000000000000005 1 0.78036378426245434
0.82499999999999996 1 0.80385744073762766
0.83999999999999997 1 0.8258929452684155
0.85499999999999998 1 0.84607682637533432
0.87 1 0.86408061033094374
0.88500000000000001 1 0.8796376585778154
0.90000000000000002 1 0.89252071313240211
0.91500000000000004 1 0.90262915789072684
0.93000000000000005 1 0.90990071176744181
0.94499999999999995 1 0.91435252064646877
0.95999999999999996 1 0.91605817413362534
0.97499999999999998 1 0.915168366309561
0.98999999999999999 1 0.91182453044683487
1.0049999999999999 1 0.90624165775246956
1.02 1 0.89867138909534972
1.0349999999999999 1 0.88939484528897195
1.05 1 0.87871246486084453
1.0649999999999999 1 0.86693984245313027
1.0800000000000001 1 0.85439700497146231
1.095 1 0.8414021880332796
1.1100000000000001 1 0.82826624975256347
1.125 1 0.81528200955321084
1.1399999999999999 1 0.80272330659875057
1.155 1 0.7908389941543188
1.1699999999999999 1 0.77984891004452728
1.1850000000000001 1 0.76994148404866003
1.2 1 0.76127003845116503
1.2150000000000001 1 0.75397245674181212
1.23 1 0.74810961838318824
1.2450000000000001 1 0.74372813859953335
1.26 1 0.74083596871723512
1.2749999999999999 1 0.73939574417769149
1.29 1 0.73935682195374663
1.3049999999999999 1 0.74061549452103903
1.3200000000000001 1 0.74309180768330718
1.335 1 0.74666141439953515
1.3500000000000001 1 0.75118310547982881
1.365 1 0.75650297027665769
1.3799999999999999 1 0.76245881476847144
1.395 1 0.76888304551163644
1.4099999999999999 1 0.77560837987379017
1.425 1 0.78247038087224685
1.4399999999999999 1 0.78931197855463209
1.4550000000000001 1 0.79598533487963685
1.47 1 0.80235474258812611
1.4850000000000001 1 0.80829886310953991
1.5 1 0.81371304530238164
1.5149999999999999 1 0.81849487732601967
1.53 1 0.82258966887193385
1.5449999999999999 1 0.82594823434684139
1.5600000000000001 1 0.82853887975130469
1.575 1 0.83035784225413412
1.5900000000000001 1 0.83140085419663889
1.605 1 0.83170343855499529
1.6200000000000001 1 0.83129992958362553
1.635 1 0.83025737040620118
1.6499999999999999 1 0.82861873791738372
1.665 1 0.82645414573707943
1.6799999999999999 1 0.8238412738330485
1.6950000000000001 1 0.82086316969514572
1.71 1 0.81760617928425905
1.7250000000000001 1 0.81415805915118189
1.74 1 0.81060519078144044
1.7549999999999999 1 0.80703075389299983
1.77 1 0.80351377015919345
1.7849999999999999 1 0.80012753130422509
1.8 1 0.79693821434150958
1.8149999999999999 1 0.79400412688681787
1.8300000000000001 1 0.79138611937527314
1.845 1 0.78911294253656894
1.8600000000000001 1 0.78721387657339481
1.875 1 0.78570904516553197
1.8899999999999999 1 0.78460168005637132
1.905 1 0.7839012807303618
1.9199999999999999 1 0.78359075214907681
1.9350000000000001 1 0.78365317878082763
1.95 1 0.78406621320523617
1.9650000000000001 1 0.78478986280775831
1.98 1 0.78580061820240787
1.9950000000000001 1 0.7870598929000554
2.0099999999999998 1 0.78852581346216044
2.0249999999999999 1 0.7901542062093303
2.04 1 0.79189981330031278
2.0550000000000002 1 0.7937177476984707
2.0699999999999998 1 0.79556419192560135
2.085 1 0.79739739236103435
2.1000000000000001 1 0.79917821892342411
2.1150000000000002 1 0.80087102150497358
2.1299999999999999 1 0.80243777717723785
2.145 1 0.80385632398796381
2.1600000000000001 1 0.80510470227109332
2.1749999999999998 1 0.8061657260731192
2.1899999999999999 1 0.8070267991809299
2.2050000000000001 1 0.80768554981269214
2.2200000000000002 1 0.80811357229049252
2.2349999999999999 1 0.80835936198860092
2.25 1 0.8084073986370941
2.2650000000000001 1 0.80827151702025579
2.2799999999999998 1 0.80796491500250756
2.2949999999999999 1 0.80751170073062051
2.3100000000000001 1 0.80692307136252506
2.3250000000000002 1 0.80621983933313479
2.3399999999999999 1 0.8054239909649662
2.355 1 0.80455825266645964
2.3700000000000001 1 0.80364557390253322
2.3849999999999998 1 0.80270860879707906
2.3999999999999999 1 0.80176923954905677
2.415 1 0.80084813063289007
2.4300000000000002 1 0.79996432488576363
2.4449999999999998 1 0.79913902961981509
2.46 1 0.79838371724167678
2.4750000000000001 1 0.79771055184443818
2.4900000000000002 1 0.79712936886312558
2.5049999999999999 1 0.79664706485806869
2.52 1 0.79626630135502541
2.5350000000000001 1 0.79600467955283982
2.5499999999999998 1 0.79584760602627935
2.5649999999999999 1 0.79577714387691778
2.5800000000000001 1 0.79580068786722702
2.5950000000000002 1 0.79591292178133521
2.6099999999999999 1 0.79610606262711392
2.625 1 0.79637092068133675
2.6400000000000001 1 0.7966972920873967
2.6549999999999998 1 0.79707427581089163
2.6699999999999999 1 0.7974905643588992
2.6850000000000001 1 0.79793471736486343
2.7000000000000002 1 0.79839541754747445
2.7149999999999999 1 0.79886170615225616
2.73 1 0.79932319460350854
2.7450000000000001 1 0.79977024931035412
2.7599999999999998 1 0.80019414687058754
2.7749999999999999 1 0.80058719690734526
2.79 1 0.80094282868454481
2.8050000000000002 1 0.80125563307130176
2.8199999999999998 1 0.80152196628025874
2.835 1 0.80173611251351962
2.8500000000000001 1 0.80189761005888793
2.8650000000000002 1 0.80199986879949425
2.8799999999999999 1 0.80205634189618402
2.895 1 0.80207022649781978
2.9100000000000001 1 0.80203923613004935
2.9249999999999998 1 0.80196758413340841
2.9399999999999999 1 0.80185885041874361
2.9550000000000001 1 0.80171725021897955
2.9700000000000002 1 0.8015465284590334
2.9849999999999999 1 0.80135327621715324
