0 0 0
0 0 0
0.025000000000000001 0.025000000000000001 0.00049326252356459343
0.050000000000000003 0.050000000000000003 0.0019372865797347037
0.074999999999999997 0.074999999999999997 0.0042868204058850445
0.10000000000000001 0.10000000000000001 0.0074971316884578061
0.125 0.125 0.011526298856181465
0.14999999999999999 0.14999999999999999 0.016334447436658402
0.17499999999999999 0.17499999999999999 0.021883579585313104
0.20000000000000001 0.20000000000000001 0.028137551001930945
0.22500000000000001 0.22500000000000001 0.035061980522808421
0.25 0.25 0.042624164122102792
0.27500000000000002 0.27500000000000002 0.050792993107793255
0.29999999999999999 0.29999999999999999 0.059538876307213329
0.32500000000000001 0.32500000000000001 0.068833741167004719
0.34999999999999998 0.34999999999999998 0.078650714274041106
0.375 0.375 0.088964357066081606
0.40000000000000002 0.40000000000000002 0.099750422378200809
0.42499999999999999 0.42499999999999999 0.11098586720114914
0.45000000000000001 0.45000000000000001 0.12264877264340615
0.47499999999999998 0.47499999999999998 0.1347182891013545
0.5 0.5 0.14717458410386863
0.52500000000000002 0.52500000000000002 0.15999879270075645
0.55000000000000004 0.55000000000000004 0.17317248071184976
0.57499999999999996 0.57499999999999996 0.18667908963544397
0.59999999999999998 0.59999999999999998 0.20050239014283552
0.625 0.625 0.21462695060996864
0.65000000000000002 0.65000000000000002 0.22903807645096333
0.67500000000000004 0.67500000000000004 0.24372178990449048
0.69999999999999996 0.69999999999999996 0.25866480052240803
0.72499999999999998 0.72499999999999998 0.27385445198900987
0.75 0.75 0.28927871518601117
0.77500000000000002 0.77500000000000002 0.30492614760797976
0.80000000000000004 0.80000000000000004 0.32078586475929899
0.82499999999999996 0.82499999999999996 0.33684751525622458
0.84999999999999998 0.84999999999999998 0.35310124772224355
0.875 0.875 0.36953769348944743
0.90000000000000002 0.90000000000000002 0.38614794091844135
0.92500000000000004 0.92500000000000004 0.40292351310452734
0.94999999999999996 0.94999999999999996 0.41985634667156557
0.97499999999999998 0.97499999999999998 0.43693877160007677
1 1 0.45416349203954898
1.0249999999999999 1.0249999999999999 0.47152356627394493
1.05 1.05 0.48901239303821642
1.075 1.075 0.5066236813127154
1.1000000000000001 1.1000000000000001 0.52435147752473166
1.125 1.125 0.54219009790645256
1.1499999999999999 1.1499999999999999 0.56013413606717932
1.175 1.175 0.57817844947304919
1.2 1.2 0.59631813901653574
1.2250000000000001 1.2250000000000001 0.6145485599038305
1.25 1.25 0.63286528734568925
1.2749999999999999 1.2749999999999999 0.65126411236901116
1.3 1.3 0.66974103129121443
1.325 1.325 0.68829223570735321
1.3500000000000001 1.3500000000000001 0.70691410296620583
1.375 1.375 0.72560318755119924
1.3999999999999999 1.3999999999999999 0.74435621097337856
1.425 1.425 0.76317005225222956
1.45 1.45 0.78204174302515428
1.4750000000000001 1.4750000000000001 0.80096842726457429
1.5 1.5 0.8199474545673513
1.5249999999999999 1.5249999999999999 0.83897627319783175
1.55 1.55 0.8580524558157947
1.575 1.575 0.87717368942364615
1.6000000000000001 1.6000000000000001 0.89633776272830623
1.625 1.625 0.915542587111001
1.6499999999999999 1.6499999999999999 0.93478617577540091
1.675 1.675 0.95406663878383169
1.7 1.7 0.97338217833544227
1.7250000000000001 1.7250000000000001 0.99273108427455004
1.75 1.75 1.0121117298179347
1.7749999999999999 1.7749999999999999 1.0315225672793018
1.8 1.8 1.0509621220945122
1.825 1.825 1.0704289918933483
1.8500000000000001 1.8500000000000001 1.0899218429797635
1.875 1.875 1.1094408840067056
1.8999999999999999 1.8999999999999999 1.1289832310716028
1.925 1.925 1.1485477558641179
1.95 1.95 1.1681333846804083
1.9750000000000001 1.9750000000000001 1.1877390957806788
2 2 1.2073639168745944
2.0249999999999999 2.0249999999999999 1.2270069227283749
2.0499999999999998 2.0499999999999998 1.2466672328876787
2.0750000000000002 2.0750000000000002 1.2663440095106733
2.1000000000000001 2.1000000000000001 1.2860364553059598
2.125 2.125 1.3057438115702809
2.1499999999999999 2.1499999999999999 1.325465356321182
2.1749999999999998 2.1749999999999998 1.3452004025200255
2.2000000000000002 2.2000000000000002 1.364948296381
2.2250000000000001 2.2250000000000001 1.3847084157619447
2.25 2.25 1.4044801686330493
2.2749999999999999 2.2749999999999999 1.4242629916196443
2.2999999999999998 2.2999999999999998 1.4440563486155069
2.3250000000000002 2.3250000000000002 1.4638597294632663
2.3500000000000001 2.3500000000000001 1.483672648698666
2.375 2.375 1.5034946443555894
2.3999999999999999 2.3999999999999999 1.5233249928742967
2.4249999999999998 2.4249999999999998 1.5431636413622869
2.4500000000000002 2.4500000000000002 1.5630101799827052
2.4750000000000001 2.4750000000000001 1.5828642193208937
2.5 2.5 1.6027253893644671
2.5249999999999999 2.5249999999999999 1.6225933385342879
2.5499999999999998 2.5499999999999998 1.6424677327639898
2.5750000000000002 2.5750000000000002 1.6623482546252113
2.6000000000000001 2.6000000000000001 1.6822346024967911
2.625 2.625 1.7021264897752986
2.6499999999999999 2.6499999999999999 1.7220236441249162
2.6749999999999998 2.6749999999999998 1.7419258067649694
2.7000000000000002 2.7000000000000002 1.7618327317928182
2.7250000000000001 2.7250000000000001 1.7817440522794727
2.75 2.75 1.801659682225309
2.7749999999999999 2.7749999999999999 1.8215794127851728
2.7999999999999998 2.7999999999999998 1.8415030452250449
2.8250000000000002 2.8250000000000002 1.8614303904326552
2.8500000000000001 2.8500000000000001 1.8813612684518028
2.875 2.875 1.901295508039176
2.8999999999999999 2.8999999999999999 1.9212329462426894
2.9249999999999998 2.9249999999999998 1.9411734280001811
2.9500000000000002 2.9500000000000002 1.961116805757535
2.9750000000000001 2.9750000000000001 1.9810629391052932
3 3 2.0010116944327447
3.0249999999999999 3.0249999999999999 2.020962944599062
3.0499999999999998 3.0499999999999998 2.0409165686198771
3.0750000000000002 3.0750000000000002 2.0608724513695131
3.1000000000000001 3.1000000000000001 2.0808304832972824
3.125 3.125 2.1007905601576518
3.1499999999999999 3.1499999999999999 2.1207525827534983
3.1749999999999998 3.1749999999999998 2.1407164566916772
3.2000000000000002 3.2000000000000002 2.1606820921504895
3.2250000000000001 3.2250000000000001 2.1806494036584891
3.25 3.25 2.2006183098836791
3.2749999999999999 3.2749999999999999 2.2205887334333965
3.2999999999999998 3.2999999999999998 2.2405606006634926
3.3250000000000002 3.3250000000000002 2.2605338414967968
3.3500000000000001 3.3500000000000001 2.280508389250604
3.375 3.375 2.3004841801038141
3.3999999999999999 3.3999999999999999 2.3204611237797232
3.4249999999999998 3.4249999999999998 2.3404391653817291
3.4500000000000002 3.4500000000000002 2.3604182526273689
3.4750000000000001 3.4750000000000001 2.3803983357238301
3.5 3.5 2.4003793672494012
3.5249999999999999 3.5249999999999999 2.4203613020405554
3.5499999999999998 3.5499999999999998 2.4403440970844228
3.5750000000000002 3.5750000000000002 2.4603277114163755
3.6000000000000001 3.6000000000000001 2.4803121060224913
3.625 3.625 2.5002972437466622
3.6499999999999999 3.6499999999999999 2.5202830892021293
3.6749999999999998 3.6749999999999998 2.5402696086872236
3.7000000000000002 3.7000000000000002 2.5602567701051293
3.7250000000000001 3.7250000000000001 2.5802445428874541
3.75 3.75 2.6002328979214524
3.7749999999999999 3.7749999999999999 2.6202218074807075
3.7999999999999998 3.7999999999999998 2.6402112451591138
3.8250000000000002 3.8250000000000002 2.6602011858080075
3.8500000000000001 3.8500000000000001 2.6801916054762831
3.875 3.875 2.7001824813533721
3.8999999999999999 3.8999999999999999 2.7201737917149291
3.9249999999999998 3.9249999999999998 2.7401655158711069
3.9500000000000002 3.9500000000000002 2.7601576341172933
3.9750000000000001 3.9750000000000001 2.7801501276871954
4 4 2.8001429787081591
4.0250000000000004 4.0250000000000004 2.8201361701586132
4.0499999999999998 4.0499999999999998 2.8401296858275402
4.0750000000000002 4.0750000000000002 2.8601235102758835
4.0999999999999996 4.0999999999999996 2.8801176287997787
4.125 4.125 2.9001120273955534
4.1500000000000004 4.1500000000000004 2.9201066927263781
4.1749999999999998 4.1749999999999998 2.9401016120905124
4.2000000000000002 4.2000000000000002 2.9600967733910681
4.2249999999999996 4.2249999999999996 2.9800921651071972
4.25 4.25 3.0000877762666707
4.2750000000000004 4.2750000000000004 3.0200835964197474
4.2999999999999998 4.2999999999999998 3.0400796156142955
4.3250000000000002 4.3250000000000002 3.060075824372098
4.3499999999999996 4.3499999999999996 3.080072213666281
4.375 4.375 3.1000687748998286
4.4000000000000004 4.4000000000000004 3.1200654998851052
4.4249999999999998 4.4249999999999998 3.1400623808243648
4.4500000000000002 4.4500000000000002 3.1600594102911881
4.4749999999999996 4.4749999999999996 3.1800565812127921
4.5 4.5 3.2000538868531985
4.5250000000000004 4.5250000000000004 3.220051320797189
4.5499999999999998 4.5499999999999998 3.2400488769350342
4.5750000000000002 4.5750000000000002 3.260046549447948
4.5999999999999996 4.5999999999999996 3.2800443327942284
4.625 4.625 3.3000422216960654
4.6500000000000004 4.6500000000000004 3.3200402111269756
4.6749999999999998 4.6749999999999998 3.340038296299833
4.7000000000000002 4.7000000000000002 3.3600364726554726
4.7249999999999996 4.7249999999999996 3.3800347358518312
4.75 4.75 3.4000330817536133
4.7750000000000004 4.7750000000000004 3.420031506422442
4.7999999999999998 4.7999999999999998 3.4400300061074844
4.8250000000000002 4.8250000000000002 3.4600285772365207
4.8499999999999996 4.8499999999999996 3.4800272164074353
4.875 4.875 3.5000259203801196
4.9000000000000004 4.9000000000000004 3.5200246860687581
4.9249999999999998 4.9249999999999998 3.5400235105344766
4.9500000000000002 4.9500000000000002 3.5600223909783524
4.9749999999999996 4.9749999999999996 3.580021324734743
