\expandafter\def\csname ISOM-30\endcsname {(-350., -29.7250) (-340., -29.7374) (-330., -29.7576) (-320., -29.7850) (-310., -29.8190) (-300., -29.8582) (-290., -29.9016) (-280., -29.9478) (-270., -29.9956) (-260., -30.0432) (-250., -30.0896) (-240., -30.1330) (-230., -30.1722) (-220., -30.2060) (-210., -30.2336) (-200., -30.2538) (-190., -30.2662) (-180., -30.2704) (-170., -30.2662) (-160., -30.2538) (-150., -30.2336) (-140., -30.2060) (-130., -30.1722) (-120., -30.1330) (-110., -30.0896) (-100., -30.0432) (-90., -29.9956) (-80., -29.9478) (-70., -29.9016) (-60., -29.8582) (-50., -29.8190) (-40., -29.7850) (-30., -29.7576) (-20., -29.7374) (-10., -29.7250)}

 \expandafter\def\csname ISOM-25\endcsname {(-350., -24.5046) (-340., -24.5268) (-330., -24.5626) (-320., -24.6116) (-310., -24.6718) (-300., -24.7416) (-290., -24.8190) (-280., -24.9012) (-270., -24.9862) (-260., -25.0712) (-250., -25.1536) (-240., -25.2308) (-230., -25.3006) (-220., -25.3608) (-210., -25.4098) (-200., -25.4456) (-190., -25.4678) (-180., -25.4752) (-170., -25.4678) (-160., -25.4456) (-150., -25.4098) (-140., -25.3608) (-130., -25.3006) (-120., -25.2308) (-110., -25.1536) (-100., -25.0712) (-90., -24.9862) (-80., -24.9012) (-70., -24.8190) (-60., -24.7416) (-50., -24.6718) (-40., -24.6116) (-30., -24.5626) (-20., -24.5268) (-10., -24.5046)}

 \expandafter\def\csname ISOM-20\endcsname {(-350., -19.0980) (-340., -19.1372) (-330., -19.2012) (-320., -19.2883) (-310., -19.3956) (-300., -19.5199) (-290., -19.6578) (-280., -19.8047) (-270., -19.9563) (-260., -20.1078) (-250., -20.2548) (-240., -20.3926) (-230., -20.5170) (-220., -20.6244) (-210., -20.7114) (-200., -20.7754) (-190., -20.8146) (-180., -20.8278) (-170., -20.8146) (-160., -20.7754) (-150., -20.7114) (-140., -20.6244) (-130., -20.5170) (-120., -20.3926) (-110., -20.2548) (-100., -20.1078) (-90., -19.9563) (-80., -19.8047) (-70., -19.6578) (-60., -19.5199) (-50., -19.3956) (-40., -19.2883) (-30., -19.2012) (-20., -19.1372) (-10., -19.0980)}

 \expandafter\def\csname ISOM-15\endcsname {(-350., -13.3227) (-340., -13.3925) (-330., -13.5066) (-320., -13.6617) (-310., -13.8537) (-300., -14.0767) (-290., -14.3239) (-280., -14.5879) (-270., -14.8604) (-260., -15.1330) (-250., -15.3969) (-240., -15.6440) (-230., -15.8671) (-220., -16.0590) (-210., -16.2142) (-200., -16.3284) (-190., -16.3981) (-180., -16.4216) (-170., -16.3981) (-160., -16.3284) (-150., -16.2142) (-140., -16.0590) (-130., -15.8671) (-120., -15.6440) (-110., -15.3969) (-100., -15.1330) (-90., -14.8604) (-80., -14.5879) (-70., -14.3239) (-60., -14.0767) (-50., -13.8537) (-40., -13.6617) (-30., -13.5066) (-20., -13.3925) (-10., -13.3227)}

 \expandafter\def\csname ISOM-12\endcsname {(-350., -9.52058) (-340., -9.61916) (-330., -9.78090) (-320., -10.0013) (-310., -10.2747) (-300., -10.5930) (-290., -10.9470) (-280., -11.3256) (-270., -11.7169) (-260., -12.1082) (-250., -12.4868) (-240., -12.8408) (-230., -13.1592) (-220., -13.4324) (-210., -13.6529) (-200., -13.8145) (-190., -13.9132) (-180., -13.9465) (-170., -13.9132) (-160., -13.8145) (-150., -13.6529) (-140., -13.4324) (-130., -13.1592) (-120., -12.8408) (-110., -12.4868) (-100., -12.1082) (-90., -11.7169) (-80., -11.3256) (-70., -10.9470) (-60., -10.5930) (-50., -10.2747) (-40., -10.0013) (-30., -9.78090) (-20., -9.61916) (-10., -9.52058)}

 \expandafter\def\csname ISOM-10\endcsname {(-350., -6.73998) (-340., -6.86436) (-330., -7.06858) (-320., -7.34790) (-310., -7.69530) (-300., -8.10138) (-290., -8.55428) (-280., -9.03990) (-270., -9.54238) (-260., -10.0449) (-250., -10.5305) (-240., -10.9835) (-230., -11.3895) (-220., -11.7369) (-210., -12.0162) (-200., -12.2204) (-190., -12.3448) (-180., -12.3866) (-170., -12.3448) (-160., -12.2204) (-150., -12.0162) (-140., -11.7369) (-130., -11.3895) (-120., -10.9835) (-110., -10.5305) (-100., -10.0449) (-90., -9.54238) (-80., -9.03990) (-70., -8.55428) (-60., -8.10138) (-50., -7.69530) (-40., -7.34790) (-30., -7.06858) (-20., -6.86436) (-10., -6.73998)}

 \expandafter\def\csname ISOM-8\endcsname {(-350., -3.64298) (-340., -3.79992) (-330., -4.05844) (-320., -4.41368) (-310., -4.85798) (-300., -5.38034) (-290., -5.96602) (-280., -6.59660) (-270., -7.25060) (-260., -7.90454) (-250., -8.53518) (-240., -9.12086) (-230., -9.64322) (-220., -10.0875) (-210., -10.4428) (-200., -10.7013) (-190., -10.8581) (-180., -10.9108) (-170., -10.8581) (-160., -10.7013) (-150., -10.4428) (-140., -10.0875) (-130., -9.64322) (-120., -9.12086) (-110., -8.53518) (-100., -7.90454) (-90., -7.25060) (-80., -6.59660) (-70., -5.96602) (-60., -5.38034) (-50., -4.85798) (-40., -4.41368) (-30., -4.05844) (-20., -3.79992) (-10., -3.64298)}

 \expandafter\def\csname ISOM-6\endcsname {(-350., -.249992e-1) (-340., -.223240) (-330., -.551664) (-320., -1.00638) (-310., -1.58045) (-300., -2.26226) (-290., -3.03418) (-280., -3.87164) (-270., -4.74370) (-260., -5.61586) (-250., -6.45328) (-240., -7.22516) (-230., -7.90702) (-220., -8.48108) (-210., -8.93576) (-200., -9.26418) (-190., -9.46238) (-180., -9.52866) (-170., -9.46238) (-160., -9.26418) (-150., -8.93576) (-140., -8.48108) (-130., -7.90702) (-120., -7.22516) (-110., -6.45328) (-100., -5.61586) (-90., -4.74370) (-80., -3.87164) (-70., -3.03418) (-60., -2.26226) (-50., -1.58045) (-40., -1.00638) (-30., -.551664) (-20., -.223240) (-10., -.249992e-1)}

 \expandafter\def\csname ISOM-5\endcsname {(-350., 2.10292) (-340., 1.87991) (-330., 1.50911) (-320., .992734) (-310., .336154) (-300., -.449816) (-290., -1.34661) (-280., -2.32572) (-270., -3.34910) (-260., -4.37246) (-250., -5.35162) (-240., -6.24840) (-230., -7.03436) (-220., -7.69098) (-210., -8.20734) (-200., -8.57810) (-190., -8.80114) (-180., -8.87548) (-170., -8.80114) (-160., -8.57810) (-150., -8.20734) (-140., -7.69098) (-130., -7.03436) (-120., -6.24840) (-110., -5.35162) (-100., -4.37246) (-90., -3.34910) (-80., -2.32572) (-70., -1.34661) (-60., -.449816) (-50., .336154) (-40., .992734) (-30., 1.50911) (-20., 1.87991) (-10., 2.10292)}

 \expandafter\def\csname ISOM-4\endcsname {(-350., 4.57498) (-340., 4.32394) (-330., 3.90448) (-320., 3.31604) (-310., 2.56062) (-300., 1.64608) (-290., .590758) (-280., -.572580) (-270., -1.79519) (-260., -3.01788) (-250., -4.18114) (-240., -5.23648) (-230., -6.15096) (-220., -6.90644) (-210., -7.49486) (-200., -7.91432) (-190., -8.16538) (-180., -8.24884) (-170., -8.16538) (-160., -7.91432) (-150., -7.49486) (-140., -6.90644) (-130., -6.15096) (-120., -5.23648) (-110., -4.18114) (-100., -3.01788) (-90., -1.79519) (-80., -.572580) (-70., .590758) (-60., 1.64608) (-50., 2.56062) (-40., 3.31604) (-30., 3.90448) (-20., 4.32394) (-10., 4.57498)}

 \expandafter\def\csname ISOM-3\endcsname {(-350., 7.59694) (-340., 7.31420) (-330., 6.83864) (-320., 6.16484) (-310., 5.28818) (-300., 4.20962) (-290., 2.94300) (-280., 1.52493) (-270., .206478e-1) (-260., -1.48378) (-250., -2.90170) (-240., -4.16834) (-230., -5.24688) (-220., -6.12356) (-210., -6.79734) (-200., -7.27296) (-190., -7.55560) (-180., -7.64944) (-170., -7.55560) (-160., -7.27296) (-150., -6.79734) (-140., -6.12356) (-130., -5.24688) (-120., -4.16834) (-110., -2.90170) (-100., -1.48378) (-90., .206478e-1) (-80., 1.52493) (-70., 2.94300) (-60., 4.20962) (-50., 5.28818) (-40., 6.16484) (-30., 6.83864) (-20., 7.31420) (-10., 7.59694)}

 \expandafter\def\csname ISOM-2\endcsname {(-350., 11.6312) (-340., 11.3123) (-330., 10.7715) (-320., 9.99484) (-310., 8.96494) (-300., 7.66574) (-290., 6.09462) (-280., 4.28488) (-270., 2.32922) (-260., .373594) (-250., -1.43615) (-240., -3.00730) (-230., -4.30646) (-220., -5.33644) (-210., -6.11302) (-200., -6.65386) (-190., -6.97276) (-180., -7.07802) (-170., -6.97276) (-160., -6.65386) (-150., -6.11302) (-140., -5.33644) (-130., -4.30646) (-120., -3.00730) (-110., -1.43615) (-100., .373594) (-90., 2.32922) (-80., 4.28488) (-70., 6.09462) (-60., 7.66574) (-50., 8.96494) (-40., 9.99484) (-30., 10.7715) (-20., 11.3123) (-10., 11.6312)}

 \expandafter\def\csname ISOM-1\endcsname {(-350., 18.1531) (-340., 17.7931) (-330., 17.1755) (-320., 16.2720) (-310., 15.0390) (-300., 13.4165) (-290., 11.3378) (-280., 8.77768) (-270., 5.86826) (-260., 2.95872) (-250., .398766) (-240., -1.68001) (-230., -3.30242) (-220., -4.53566) (-210., -5.43912) (-200., -6.05656) (-190., -6.41658) (-180., -6.53496) (-170., -6.41658) (-160., -6.05656) (-150., -5.43912) (-140., -4.53566) (-130., -3.30242) (-120., -1.68001) (-110., .398766) (-100., 2.95872) (-90., 5.86826) (-80., 8.77768) (-70., 11.3378) (-60., 13.4165) (-50., 15.0390) (-40., 16.2720) (-30., 17.1755) (-20., 17.7931) (-10., 18.1531)}

 \expandafter\def\csname ISOM-0.5\endcsname {(-350., 24.4202) (-340., 24.0374) (-330., 23.3762) (-320., 22.3970) (-310., 21.0334) (-300., 19.1774) (-290., 16.6624) (-280., 13.2931) (-270., 9.13572) (-260., 4.97832) (-250., 1.60907) (-240., -.906111) (-230., -2.76190) (-220., -4.12558) (-210., -5.10474) (-200., -5.76586) (-190., -6.14886) (-180., -6.27433) (-170., -6.14886) (-160., -5.76586) (-150., -5.10474) (-140., -4.12558) (-130., -2.76190) (-120., -.906111) (-110., 1.60907) (-100., 4.97832) (-90., 9.13572) (-80., 13.2931) (-70., 16.6624) (-60., 19.1774) (-50., 21.0334) (-40., 22.3970) (-30., 23.3762) (-20., 24.0374) (-10., 24.4202)}

 \expandafter\def\csname ISOM-0.2\endcsname {(-350., 32.5256) (-340., 32.1284) (-330., 31.4388) (-320., 30.4094) (-310., 28.9540) (-300., 26.9175) (-290., 24.0022) (-280., 19.6304) (-270., 13.2672) (-260., 6.90386) (-250., 2.53198) (-240., -.382914) (-230., -2.42038) (-220., -3.87640) (-210., -4.90538) (-200., -5.59516) (-190., -5.99110) (-180., -6.12211) (-170., -5.99110) (-160., -5.59516) (-150., -4.90538) (-140., -3.87640) (-130., -2.42038) (-120., -.382914) (-110., 2.53198) (-100., 6.90386) (-90., 13.2672) (-80., 19.6304) (-70., 24.0022) (-60., 26.9175) (-50., 28.9540) (-40., 30.4094) (-30., 31.4388) (-20., 32.1284) (-10., 32.5256)}

 \expandafter\def\csname ISOM0\endcsname {(-269.6, 37.1036) (-264.884, 14.9750) (-260.168, 9.33176) (-255.453, 5.97938) (-250.737, 3.61126) (-246.021, 1.79997) (-241.305, .351648) (-236.589, -.838186) (-231.874, -1.83190) (-227.158, -2.67046) (-222.442, -3.38122) (-217.726, -3.98352) (-213.011, -4.49142) (-208.295, -4.91540) (-203.579, -5.26338) (-198.863, -5.54114) (-194.147, -5.75314) (-189.432, -5.90240) (-184.716, -5.99110) (-180.000, -6.02058) (-175.284, -5.99110) (-170.568, -5.90232) (-165.853, -5.75306) (-161.137, -5.54114) (-156.421, -5.26330) (-151.705, -4.91532) (-146.989, -4.49136) (-142.274, -3.98352) (-137.558, -3.38122) (-132.842, -2.67052) (-128.126, -1.83180) (-123.411, -.837996) (-118.695, .351890) (-113.979, 1.80025) (-109.263, 3.61162) (-104.547, 5.97990) (-99.8316, 9.33202) (-95.1158, 14.9755) (-90.4000, 37.0978)}

 \expandafter\def\csname ISOM0.2\endcsname {(-180., 32.8552) (-170.973, 32.7444) (-161.183, 32.3662) (-151.392, 31.6940) (-141.602, 30.6740) (-131.811, 29.2040) (-122.020, 27.0730) (-112.230, 23.7306) (-107.439, 21.1084) (-106.439, 20.3812) (-105.439, 19.5432) (-104.439, 18.5378) (-103.439, 17.2330) (-102.439, 11.9488) (-103.439, 9.70090) (-104.439, 8.39616) (-105.439, 7.39080) (-106.439, 6.55292) (-107.439, 5.82554) (-112.230, 3.20342) (-122.020, -.138333) (-131.811, -2.27018) (-141.602, -3.73906) (-151.392, -4.75842) (-161.183, -5.43130) (-170.973, -5.80950) (-180., -5.91982) (-189.027, -5.80950) (-198.817, -5.43292) (-208.608, -4.75992) (-218.398, -3.73906) (-228.189, -2.26906) (-237.980, -.138333) (-247.770, 3.20330) (-252.561, 5.82572) (-253.561, 6.55224) (-254.561, 7.39112) (-255.561, 8.39520) (-256.561, 9.70046) (-257.561, 11.9452) (-256.561, 17.2336) (-255.561, 18.5389) (-254.561, 19.5429) (-253.561, 20.3818) (-252.561, 21.1084) (-247.770, 23.7308) (-237.980, 27.0730) (-228.189, 29.2040) (-218.398, 30.6742) (-208.608, 31.6940) (-198.817, 32.3662) (-189.027, 32.7444) (-180., 32.8552)}

 \expandafter\def\csname ISOM0.5\endcsname {(-180., 25.0456) (-171.849, 24.9520) (-162.934, 24.6300) (-154.020, 24.0584) (-145.105, 23.1958) (-136.190, 21.9644) (-127.275, 20.2060) (-118.361, 17.5151) (-114.446, 15.7128) (-113.446, 15.1264) (-112.446, 14.4532) (-111.446, 13.6501) (-110.446, 12.6123) (-109.446, 8.43768) (-110.446, 6.65904) (-111.446, 5.62124) (-112.446, 4.81816) (-113.446, 4.14486) (-114.446, 3.55862) (-118.361, 1.75627) (-127.275, -.934564) (-136.190, -2.69294) (-145.105, -3.92416) (-154.020, -4.78656) (-162.934, -5.35808) (-171.849, -5.68058) (-180., -5.77355) (-188.151, -5.68026) (-197.066, -5.35822) (-205.980, -4.78656) (-214.895, -3.92416) (-223.810, -2.69306) (-232.725, -.934564) (-241.639, 1.75647) (-245.554, 3.55868) (-246.554, 4.14438) (-247.554, 4.81792) (-248.554, 5.62212) (-249.554, 6.65856) (-250.554, 8.43844) (-249.554, 12.6128) (-248.554, 13.6492) (-247.554, 14.4535) (-246.554, 15.1270) (-245.554, 15.7127) (-241.639, 17.5150) (-232.725, 20.2062) (-223.810, 21.9646) (-214.895, 23.1960) (-205.980, 24.0584) (-197.066, 24.6300) (-188.151, 24.9520) (-180., 25.0456)}

 \expandafter\def\csname ISOM1\endcsname {(-180., 19.2713) (-172.813, 19.1944) (-164.863, 18.9256) (-156.913, 18.4482) (-148.962, 17.7304) (-141.012, 16.7117) (-133.061, 15.2705) (-125.111, 13.0958) (-122.160, 11.9161) (-121.160, 11.4271) (-120.160, 10.8664) (-119.160, 10.1978) (-118.160, 9.33540) (-117.160, 5.87496) (-118.160, 4.40094) (-119.160, 3.53860) (-120.160, 2.87010) (-121.160, 2.30908) (-122.160, 1.82045) (-125.111, .640522) (-133.061, -1.53405) (-141.012, -2.97526) (-148.962, -3.99382) (-156.913, -4.71176) (-164.863, -5.18916) (-172.813, -5.45788) (-180., -5.53494) (-187.187, -5.45788) (-195.137, -5.18916) (-203.087, -4.71176) (-211.038, -3.99366) (-218.988, -2.97542) (-226.939, -1.53425) (-234.889, .640844) (-237.840, 1.81996) (-238.840, 2.30920) (-239.840, 2.86942) (-240.840, 3.53808) (-241.840, 4.40084) (-242.840, 5.87506) (-241.840, 9.33540) (-240.840, 10.1982) (-239.840, 10.8671) (-238.840, 11.4272) (-237.840, 11.9165) (-234.889, 13.0958) (-226.939, 15.2706) (-218.988, 16.7117) (-211.038, 17.7305) (-203.087, 18.4483) (-195.137, 18.9256) (-187.187, 19.1944) (-180., 19.2713)}

 \expandafter\def\csname ISOM2\endcsname {(-180., 13.7365) (-174.118, 13.6788) (-167.473, 13.4712) (-160.827, 13.1012) (-154.182, 12.5459) (-147.536, 11.7607) (-140.890, 10.6567) (-134.245, 9.00698) (-132.599, 8.44186) (-131.599, 8.04452) (-130.599, 7.58846) (-129.599, 7.04448) (-128.599, 6.34132) (-127.599, 3.51932) (-128.599, 2.31720) (-129.599, 1.61411) (-130.599, 1.07002) (-131.599, .613936) (-132.599, .216510) (-134.245, -.348460) (-140.890, -1.99827) (-147.536, -3.10224) (-154.182, -3.88730) (-160.827, -4.44276) (-167.473, -4.81288) (-174.118, -5.02028) (-180., -5.07820) (-185.882, -5.02056) (-192.527, -4.81262) (-199.173, -4.44300) (-205.818, -3.88752) (-212.464, -3.10206) (-219.110, -1.99845) (-225.755, -.348750) (-227.401, .216764) (-228.401, .613450) (-229.401, 1.06986) (-230.401, 1.61448) (-231.401, 2.31626) (-232.401, 3.52014) (-231.401, 6.34214) (-230.401, 7.04394) (-229.401, 7.58862) (-228.401, 8.04500) (-227.401, 8.44172) (-225.755, 9.00716) (-219.110, 10.6568) (-212.464, 11.7606) (-205.818, 12.5460) (-199.173, 13.1012) (-192.527, 13.4712) (-185.882, 13.6787) (-180., 13.7365)}

 \expandafter\def\csname ISOM2.3\endcsname {(-180., 12.6664) (-174.428, 12.6127) (-168.091, 12.4182) (-161.755, 12.0712) (-155.419, 11.5500) (-149.082, 10.8136) (-142.746, 9.77908) (-136.410, 8.23500) (-135.073, 7.79088) (-134.073, 7.41162) (-133.073, 6.97628) (-132.073, 6.45644) (-131.073, 5.78432) (-130.073, 3.08604) (-131.073, 1.93549) (-132.073, 1.26336) (-133.073, .743586) (-134.073, .308284) (-135.073, -.709836e-1) (-136.410, -.515118) (-142.746, -2.05922) (-149.082, -3.09370) (-155.419, -3.83010) (-161.755, -4.35140) (-168.091, -4.69840) (-174.428, -4.89286) (-180., -4.94661) (-185.572, -4.89286) (-191.909, -4.69840) (-198.245, -4.35154) (-204.581, -3.83024) (-210.918, -3.09356) (-217.254, -2.05922) (-223.590, -.515016) (-224.927, -.713602e-1) (-225.927, .308116) (-226.927, .743666) (-227.927, 1.26321) (-228.927, 1.93570) (-229.927, 3.08416) (-228.927, 5.78410) (-227.927, 6.45660) (-226.927, 6.97616) (-225.927, 7.41168) (-224.927, 7.79118) (-223.590, 8.23490) (-217.254, 9.77916) (-210.918, 10.8135) (-204.581, 11.5500) (-198.245, 12.0713) (-191.909, 12.4182) (-185.572, 12.6127) (-180., 12.6664)}

 \expandafter\def\csname ISOM3\endcsname {(-180., 10.6907) (-175.059, 10.6450) (-169.354, 10.4758) (-163.649, 10.1730) (-157.943, 9.71766) (-152.238, 9.07482) (-146.533, 8.17286) (-140.828, 6.82908) (-140.123, 6.60976) (-139.123, 6.26504) (-138.123, 5.86888) (-137.123, 5.39464) (-136.123, 4.78138) (-135.123, 2.31148) (-136.123, 1.25990) (-137.123, .646650) (-138.123, .172343) (-139.123, -.223792) (-140.123, -.568518) (-140.828, -.787814) (-146.533, -2.13162) (-152.238, -3.03358) (-157.943, -3.67658) (-163.649, -4.13178) (-169.354, -4.43472) (-175.059, -4.60388) (-180., -4.64952) (-184.941, -4.60372) (-190.646, -4.43472) (-196.351, -4.13178) (-202.057, -3.67658) (-207.762, -3.03372) (-213.467, -2.13162) (-219.172, -.788062) (-219.877, -.568452) (-220.877, -.224424) (-221.877, .172173) (-222.877, .646732) (-223.877, 1.25930) (-224.877, 2.31200) (-223.877, 4.78198) (-222.877, 5.39450) (-221.877, 5.86896) (-220.877, 6.26568) (-219.877, 6.60964) (-219.172, 6.82930) (-213.467, 8.17278) (-207.762, 9.07492) (-202.057, 9.71776) (-196.351, 10.1730) (-190.646, 10.4759) (-184.941, 10.6450) (-180., 10.6907)}

 \expandafter\def\csname ISOM4\endcsname {(-180., 8.65844) (-175.802, 8.62136) (-170.841, 8.48004) (-165.879, 8.22554) (-160.917, 7.84228) (-155.955, 7.30094) (-150.994, 6.54206) (-146.070, 5.42412) (-146.032, 5.41320) (-145.070, 5.11764) (-144.070, 4.76382) (-143.070, 4.33966) (-142.070, 3.78924) (-141.070, 1.56681) (-142.070, .620408) (-143.070, .698998e-1) (-144.070, -.354186) (-145.070, -.708018) (-146.032, -1.00357) (-146.070, -1.01454) (-150.994, -2.13246) (-155.955, -2.89134) (-160.917, -3.43262) (-165.879, -3.81584) (-170.841, -4.07036) (-175.802, -4.21178) (-180., -4.24880) (-184.198, -4.21178) (-189.159, -4.07046) (-194.121, -3.81592) (-199.083, -3.43262) (-204.045, -2.89142) (-209.006, -2.13262) (-213.930, -1.01460) (-213.968, -1.00370) (-214.930, -.707698) (-215.930, -.354420) (-216.930, .701584e-1) (-217.930, .620004) (-218.930, 1.56645) (-217.930, 3.78952) (-216.930, 4.33946) (-215.930, 4.76408) (-214.930, 5.11736) (-213.968, 5.41328) (-213.930, 5.42422) (-209.006, 6.54222) (-204.045, 7.30106) (-199.083, 7.84228) (-194.121, 8.22554) (-189.159, 8.48006) (-184.198, 8.62136) (-180., 8.65844)}

 \expandafter\def\csname ISOM5\endcsname {(-180., 7.17726) (-176.415, 7.14698) (-172.066, 7.02714) (-167.717, 6.80998) (-163.369, 6.48246) (-159.020, 6.01924) (-154.671, 5.36978) (-150.973, 4.58046) (-150.322, 4.40488) (-149.973, 4.30418) (-148.973, 3.98434) (-147.973, 3.59918) (-146.973, 3.09826) (-145.973, 1.06717) (-146.973, .203454) (-147.973, -.297392) (-148.973, -.682594) (-149.973, -1.00245) (-150.322, -1.10312) (-150.973, -1.27871) (-154.671, -2.06798) (-159.020, -2.71746) (-163.369, -3.18070) (-167.717, -3.50820) (-172.066, -3.72538) (-176.415, -3.84524) (-180., -3.87552) (-183.585, -3.84524) (-187.934, -3.72538) (-192.283, -3.50820) (-196.631, -3.18080) (-200.980, -2.71746) (-205.329, -2.06808) (-209.027, -1.27903) (-209.678, -1.10303) (-210.027, -1.00240) (-211.027, -.682630) (-212.027, -.297518) (-213.027, .203030) (-214.027, 1.06748) (-213.027, 3.09876) (-212.027, 3.59924) (-211.027, 3.98446) (-210.027, 4.30418) (-209.678, 4.40478) (-209.027, 4.58072) (-205.329, 5.36982) (-200.980, 6.01920) (-196.631, 6.48254) (-192.283, 6.80998) (-187.934, 7.02714) (-183.585, 7.14698) (-180., 7.17726)}

 \expandafter\def\csname ISOM6\endcsname {(-180., 6.04124) (-176.933, 6.01632) (-173.101, 5.91388) (-169.270, 5.72696) (-165.438, 5.44402) (-161.607, 5.04366) (-157.775, 4.48204) (-155.112, 3.94500) (-154.112, 3.69416) (-153.944, 3.64846) (-153.112, 3.40258) (-152.112, 3.05016) (-151.112, 2.59030) (-150.112, .717874) (-151.112, -.777030e-1) (-152.112, -.537644) (-153.112, -.890006) (-153.944, -1.13591) (-154.112, -1.18166) (-155.112, -1.43242) (-157.775, -1.96952) (-161.607, -2.53108) (-165.438, -2.93142) (-169.270, -3.21444) (-173.101, -3.40132) (-176.933, -3.50378) (-180., -3.52868) (-183.067, -3.50382) (-186.899, -3.40132) (-190.730, -3.21444) (-194.562, -2.93148) (-198.393, -2.53116) (-202.225, -1.96963) (-204.888, -1.43238) (-205.888, -1.18183) (-206.056, -1.13568) (-206.888, -.889972) (-207.888, -.537988) (-208.888, -.779132e-1) (-209.888, .716674) (-208.888, 2.59044) (-207.888, 3.05054) (-206.888, 3.40252) (-206.056, 3.64824) (-205.888, 3.69438) (-204.888, 3.94494) (-202.225, 4.48220) (-198.393, 5.04374) (-194.562, 5.44402) (-190.730, 5.72696) (-186.899, 5.91388) (-183.067, 6.01638) (-180., 6.04124)}

 \expandafter\def\csname ISOM8\endcsname {(-180., 4.40964) (-177.760, 4.39294) (-174.756, 4.31708) (-171.752, 4.17612) (-168.748, 3.96142) (-165.743, 3.65656) (-162.739, 3.22866) (-161.731, 3.04612) (-160.731, 2.83764) (-159.735, 2.59386) (-159.731, 2.59282) (-158.731, 2.29434) (-157.731, 1.90101) (-156.731, .283518) (-157.731, -.402188) (-158.731, -.795560) (-159.731, -1.09402) (-159.735, -1.09506) (-160.731, -1.33882) (-161.731, -1.54736) (-162.739, -1.72987) (-165.743, -2.15774) (-168.748, -2.46260) (-171.752, -2.67730) (-174.756, -2.81826) (-177.760, -2.89414) (-180., -2.91080) (-182.240, -2.89414) (-185.244, -2.81832) (-188.248, -2.67730) (-191.252, -2.46260) (-194.257, -2.15762) (-197.261, -1.73000) (-198.269, -1.54750) (-199.269, -1.33891) (-200.265, -1.09531) (-200.269, -1.09392) (-201.269, -.795636) (-202.269, -.402068) (-203.269, .282342) (-202.269, 1.90087) (-201.269, 2.29448) (-200.269, 2.59270) (-200.265, 2.59412) (-199.269, 2.83770) (-198.269, 3.04630) (-197.261, 3.22880) (-194.257, 3.65644) (-191.252, 3.96142) (-188.248, 4.17612) (-185.244, 4.31708) (-182.240, 4.39294) (-180., 4.40964)}

 \expandafter\def\csname ISOM10\endcsname {(-180., 3.30174) (-178.388, 3.29086) (-176.012, 3.23442) (-173.636, 3.12692) (-171.260, 2.96186) (-168.884, 2.72660) (-166.756, 2.43612) (-166.508, 2.39586) (-165.756, 2.26322) (-164.756, 2.05704) (-164.132, 1.90540) (-163.756, 1.80247) (-162.756, 1.46344) (-161.756, .495416e-1) (-162.756, -.548288) (-163.756, -.887426) (-164.132, -.990224) (-164.756, -1.14197) (-165.756, -1.34813) (-166.508, -1.48066) (-166.756, -1.52097) (-168.884, -1.81155) (-171.260, -2.04670) (-173.636, -2.21186) (-176.012, -2.31928) (-178.388, -2.37572) (-180., -2.38662) (-181.612, -2.37572) (-183.988, -2.31928) (-186.364, -2.21178) (-188.740, -2.04662) (-191.116, -1.81150) (-193.244, -1.52091) (-193.492, -1.48071) (-194.244, -1.34825) (-195.244, -1.14193) (-195.868, -.990164) (-196.244, -.887584) (-197.244, -.548380) (-198.244, .498008e-1) (-197.244, 1.46351) (-196.244, 1.80276) (-195.868, 1.90533) (-195.244, 2.05710) (-194.244, 2.26348) (-193.492, 2.39572) (-193.244, 2.43612) (-191.116, 2.72654) (-188.740, 2.96180) (-186.364, 3.12686) (-183.988, 3.23442) (-181.612, 3.29086) (-180., 3.30174)}
