0 0 0
0 10 0
0.014999999999999999 10 0.45664983206352522
0.029999999999999999 10 1.7540829547284746
0.044999999999999998 10 3.7687833949890641
0.059999999999999998 10 6.362391728698845
0.074999999999999997 10 9.3891202209436777
0.089999999999999997 10 12.700294406638459
0.105 10 16.150853559720197
0.12 10 19.604649516892817
0.13500000000000001 10 22.937090754910272
0.14999999999999999 10 26.039159868263088
0.16500000000000001 10 28.82047565235434
0.17999999999999999 10 31.210353726636633
0.19500000000000001 10 33.158557464393063
0.20999999999999999 10 34.635326616832479
0.22500000000000001 10 35.630223998515
0.23999999999999999 10 36.152520078331904
0.255 10 36.226278480819275
0.27000000000000002 10 35.889739677100465
0.28499999999999998 10 35.19239767706285
0.29999999999999999 10 34.192315124027964
0.315 10 32.95332188291988
0.33000000000000002 10 31.541730217654269
0.34499999999999997 10 30.024212538540983
0.35999999999999999 10 28.464519342412483
0.375 10 26.922590477190717
0.39000000000000001 10 25.452500006607625
0.40500000000000003 10 24.100447452395805
0.41999999999999998 10 22.904195480801974
0.435 10 21.892591558869853
0.45000000000000001 10 21.08518739468466
0.46500000000000002 10 20.492598095197664
0.47999999999999998 10 20.116309158901036
0.495 10 19.949617800041505
0.51000000000000001 10 19.979577665364616
0.52500000000000002 10 20.187223474254512
0.54000000000000004 10 20.548932959823066
0.55500000000000005 10 21.037614542576254
0.56999999999999995 10 21.623975951412437
0.58499999999999996 10 22.27796846121516
0.59999999999999998 10 22.970101206373414
0.61499999999999999 10 23.67205561298173
0.63 10 24.357529659067527
0.64500000000000002 10 25.003505147462104
0.66000000000000003 10 25.590430098989216
0.67500000000000004 10 26.10245018751904
0.68999999999999995 10 26.528031367543527
0.70499999999999996 10 26.859563395309891
0.71999999999999997 10 27.093805787992089
0.73499999999999999 10 27.231400249925183
0.75 10 27.276456061940753
0.76500000000000001 10 27.235644463042473
0.78000000000000003 10 27.118196583908951
0.79500000000000004 10 26.935384160204567
0.81000000000000005 10 26.699713875541164
0.82499999999999996 10 26.424559022377093
0.83999999999999997 10 26.123382617552977
0.85499999999999998 10 25.809317029432375
0.87 10 25.494933338111736
0.88500000000000001 10 25.191423283367186
0.90000000000000002 10 24.908728470123883
0.91500000000000004 10 24.655183909985805
0.93000000000000005 10 24.437225446699149
0.94499999999999995 10 24.259416351172561
0.95999999999999996 10 24.12467659445625
0.97499999999999998 10 24.033771889570424
0.98999999999999999 10 23.985865760392763
1.0049999999999999 10 23.97860611723415
1.02 10 24.008710698919067
1.0349999999999999 10 24.071692014066134
1.05 10 24.162256911275403
1.0649999999999999 10 24.274631936249573
1.0800000000000001 10 24.40278015402842
1.095 10 24.540659093591266
1.1100000000000001 10 24.682395422612768
1.125 10 24.822630028222534
1.1399999999999999 10 24.956424295594385
1.155 10 25.079522472881077
1.1699999999999999 10 25.188501173402965
1.1850000000000001 10 25.280739983494353
1.2 10 25.354341308642645
1.2150000000000001 10 25.408437528616009
1.23 10 25.442854084933913
1.2450000000000001 10 25.458246041286973
1.26 10 25.455902511076395
1.2749999999999999 10 25.437400722902684
1.29 10 25.404871776362413
1.3049999999999999 10 25.360788904007777
1.3200000000000001 10 25.307772736519819
1.335 10 25.248558587841611
1.3500000000000001 10 25.185842877308286
1.365 10 25.122198156848324
1.3799999999999999 10 25.060001609252325
1.395 10 25.001352450085054
1.4099999999999999 10 24.948020082095095
1.425 10 24.901431286772738
1.4399999999999999 10 24.862741929086507
1.4550000000000001 10 24.832556098014649
1.47 10 24.811209166714967
1.4850000000000001 10 24.798600097579637
1.5 10 24.794359212317001
1.5149999999999999 10 24.797792832153604
1.53 10 24.808166710827901
1.5449999999999999 10 24.824476134627755
1.5600000000000001 10 24.845591070589336
1.575 10 24.87031250253365
1.5900000000000001 10 24.897421868317377
1.605 10 24.925729323841932
1.6200000000000001 10 24.954106359478299
1.635 10 24.981527004650676
1.6499999999999999 10 25.007094029885014
1.665 10 25.030053713078356
1.6799999999999999 10 25.049763076107823
1.6950000000000001 10 25.065855487849046
1.71 10 25.078077934176449
1.7250000000000001 10 25.086080825127798
1.74 10 25.090505756783294
1.7549999999999999 10 25.091288714585161
1.77 10 25.088791845651354
1.7849999999999999 10 25.083344495391529
1.8 10 25.075410181810817
1.8149999999999999 10 25.065499133757424
1.8300000000000001 10 25.054151596827044
1.845 10 25.041908941504072
1.8600000000000001 10 25.02929253581949
1.875 10 25.016788094861294
1.8899999999999999 10 25.004833993546296
1.905 10 24.99381148176797
1.9199999999999999 10 24.984070167263148
1.9350000000000001 10 24.97581396831664
1.95 10 24.969204609011587
1.9650000000000001 10 24.964299573937954
1.98 10 24.961334331820311
1.9950000000000001 10 24.959875318518364
2.0099999999999998 10 24.959979678437044
2.0249999999999999 10 24.961498304074993
2.04 10 24.964212625025866
2.0550000000000002 10 24.967955755273962
2.0699999999999998 10 24.972499348931617
2.085 10 24.977603888526026
2.1000000000000001 10 24.983034334832137
2.1150000000000002 10 24.988566630234416
2.1299999999999999 10 24.993993188570194
2.145 10 24.999111248117501
2.1600000000000001 10 25.003774526414862
2.1749999999999998 10 25.007859161668144
2.1899999999999999 10 25.011272114090193
2.2050000000000001 10 25.013949575897993
2.2200000000000002 10 25.015806176256653
2.2349999999999999 10 25.016901780233617
2.25 10 25.017356588776298
2.2650000000000001 10 25.017155965210289
2.2799999999999998 10 25.016363786342186
2.2949999999999999 10 25.015087663382197
2.3100000000000001 10 25.013395092487485
2.3250000000000002 10 25.01138500403594
2.3399999999999999 10 25.009158657808669
2.355 10 25.0068159835484
2.3700000000000001 10 25.004452065252956
2.3849999999999998 10 25.002164196401186
2.3999999999999999 10 25.000022956077547
2.415 10 24.998090169517351
2.4300000000000002 10 24.996415489578606
2.4449999999999998 10 24.9950337789667
2.46 10 24.993966833429031
2.4750000000000001 10 24.993260199771555
2.4900000000000002 10 24.992860043640075
2.5049999999999999 10 24.99271968152906
2.52 10 24.992835648726128
2.5350000000000001 10 24.993201189875322
2.5499999999999998 10 24.993770407281996
2.5649999999999999 10 24.994503370374687
2.5800000000000001 10 24.995358170585472
2.5950000000000002 10 24.996292682536208
2.6099999999999999 10 24.997266093484264
2.625 10 24.998240208584644
2.6400000000000001 10 24.999180516776118
2.6549999999999998 10 25.000056998434534
2.6699999999999999 10 25.000847984893429
2.6850000000000001 10 25.001527368485579
2.7000000000000002 10 25.002078970559328
2.7149999999999999 10 25.002497252520271
2.73 10 25.002750884028405
2.7450000000000001 10 25.002888365352717
2.7599999999999998 10 25.002935010711365
2.7749999999999999 10 25.002879643638568
2.79 10 25.002728451364263
2.8050000000000002 10 25.002498312073467
2.8199999999999998 10 25.002204191969099
2.835 10 25.001862206080762
2.8500000000000001 10 25.001488894268928
2.8650000000000002 10 25.001100556526012
2.8799999999999999 10 25.000712650088445
2.895 10 25.000339262715848
2.9100000000000001 10 24.999991341022419
2.9249999999999998 10 24.999679660655111
2.9399999999999999 10 24.999412668946384
2.9550000000000001 10 24.999197530370477
2.9700000000000002 10 24.999042668018941
2.9849999999999999 10 24.99893884395123
