0 0 0
0 0 0
0.02 0.02 0.00020003318246902647
0.040000000000000001 0.040000000000000001 0.00079166591683012201
0.059999999999999998 0.059999999999999998 0.0017680835005904011
0.080000000000000002 0.080000000000000002 0.0031211975805212036
0.10000000000000001 0.10000000000000001 0.0048435494491795772
0.12 0.12 0.0069278280801339477
0.14000000000000001 0.14000000000000001 0.0093668672041864135
0.16 0.16 0.012153642443497391
0.17999999999999999 0.17999999999999999 0.015281273735274974
0.20000000000000001 0.20000000000000001 0.018743005525819562
0.22 0.22 0.022532222646847431
0.23999999999999999 0.23999999999999999 0.026642440906234209
0.26000000000000001 0.26000000000000001 0.031067304494472734
0.28000000000000003 0.28000000000000003 0.035800583442495981
0.29999999999999999 0.29999999999999999 0.040836171129847852
0.32000000000000001 0.32000000000000001 0.046168081842208102
0.34000000000000002 0.34000000000000002 0.051790448377299791
0.35999999999999999 0.35999999999999999 0.057697519698217466
0.38 0.38 0.063883658633252086
0.40000000000000002 0.40000000000000002 0.070343339621283738
0.41999999999999998 0.41999999999999998 0.077071148200570358
0.44 0.44 0.084061772859554226
0.46000000000000002 0.46000000000000002 0.09131000771716638
0.47999999999999998 0.47999999999999998 0.098810751967919969
0.5 0.5 0.10655900580506451
0.52000000000000002 0.52000000000000002 0.11454986842114921
0.54000000000000004 0.54000000000000004 0.12277853604803272
0.56000000000000005 0.56000000000000005 0.13124030003579831
0.57999999999999996 0.57999999999999996 0.1399305449696393
0.59999999999999998 0.59999999999999998 0.14884426538644463
0.62 0.62 0.15797751769620982
0.64000000000000001 0.64000000000000001 0.16732595497733049
0.66000000000000003 0.66000000000000003 0.17688531638423721
0.68000000000000005 0.68000000000000005 0.18665142544326555
0.69999999999999996 0.69999999999999996 0.19662018838226339
0.71999999999999997 0.71999999999999997 0.20678759249326836
0.73999999999999999 0.73999999999999999 0.21714970452759988
0.76000000000000001 0.76000000000000001 0.22770266912272413
0.78000000000000003 0.78000000000000003 0.23844270726026351
0.80000000000000004 0.80000000000000004 0.24936611475453382
0.81999999999999995 0.81999999999999995 0.26046926077100324
0.83999999999999997 0.83999999999999997 0.27174858637408422
0.85999999999999999 0.85999999999999999 0.28320060322244722
0.88 0.88 0.29482189196609199
0.90000000000000002 0.90000000000000002 0.30660910092213067
0.92000000000000004 0.92000000000000004 0.31855894477501329
0.93999999999999995 0.93999999999999995 0.33066820326248048
0.95999999999999996 0.95999999999999996 0.34293371988753202
0.97999999999999998 0.97999999999999998 0.35535240065589885
1 1 0.3679212128385102
1.02 1.02 0.38063718375846395
1.04 1.04 0.3934973996020113
1.0600000000000001 1.0600000000000001 0.40649900075538503
1.0800000000000001 1.0800000000000001 0.41963919254133691
1.1000000000000001 1.1000000000000001 0.43291523062070414
1.1200000000000001 1.1200000000000001 0.44632442500052771
1.1399999999999999 1.1399999999999999 0.45986413895890077
1.1599999999999999 1.1599999999999999 0.47353178799126183
1.1799999999999999 1.1799999999999999 0.48732483877773597
1.2 1.2 0.50124080817115402
1.22 1.22 0.51527726009144137
1.24 1.24 0.52943181093601788
1.26 1.26 0.5437021223221381
1.28 1.28 0.55808590217135778
1.3 1.3 0.57258090379271909
1.3200000000000001 1.3200000000000001 0.58718492498408814
1.3400000000000001 1.3400000000000001 0.60189580715128699
1.3600000000000001 1.3600000000000001 0.61671143444466703
1.3799999999999999 1.3799999999999999 0.63162973291277669
1.3999999999999999 1.3999999999999999 0.64664866967278845
1.4199999999999999 1.4199999999999999 0.66176625231742237
1.4399999999999999 1.4399999999999999 0.67698052734832637
1.46 1.46 0.69228957979955719
1.48 1.48 0.70769153265454787
1.5 1.5 0.72318454609680083
1.52 1.52 0.73876680649267878
1.54 1.54 0.75443655654793829
1.5600000000000001 1.5600000000000001 0.77019206408434004
1.5800000000000001 1.5800000000000001 0.78603163122077968
1.6000000000000001 1.6000000000000001 0.80195359369423846
1.6200000000000001 1.6200000000000001 0.81795632019417186
1.6399999999999999 1.6399999999999999 0.83403821171008485
1.6599999999999999 1.6599999999999999 0.85019770089202196
1.6799999999999999 1.6799999999999999 0.86643325142371774
1.7 1.7 0.88274335337663679
1.72 1.72 0.89912651999309889
1.74 1.74 0.91558130453090736
1.76 1.76 0.93210628889309022
1.78 1.78 0.94870008306075748
1.8 1.8 0.96536132453718182
1.8200000000000001 1.8200000000000001 0.98208867791903842
1.8400000000000001 1.8400000000000001 0.99888083377894465
1.8600000000000001 1.8600000000000001 1.0157365085089352
1.8799999999999999 1.8799999999999999 1.0326544439428826
1.8999999999999999 1.8999999999999999 1.0496334068523958
1.9199999999999999 1.9199999999999999 1.0666721884527079
1.9399999999999999 1.9399999999999999 1.08376960391837
1.96 1.96 1.1009244919085439
1.98 1.98 1.1181357141017159
2 2 1.1354021547396331
2.02 2.02 1.1527226845131315
2.04 2.04 1.1700962673409883
2.0600000000000001 2.0600000000000001 1.1875218528683935
2.0800000000000001 2.0800000000000001 1.2049984115332322
2.1000000000000001 2.1000000000000001 1.2225249341545001
2.1200000000000001 2.1200000000000001 1.2401004315288682
2.1400000000000001 2.1400000000000001 1.2577239340352286
2.1600000000000001 2.1600000000000001 1.2753944912470696
2.1800000000000002 2.1800000000000002 1.2931111715525243
2.2000000000000002 2.2000000000000002 1.3108730617819362
2.2200000000000002 2.2200000000000002 1.3286792668428085
2.2400000000000002 2.2400000000000002 1.3465289093619592
2.2599999999999998 2.2599999999999998 1.3644211293347788
2.2799999999999998 2.2799999999999998 1.3823550837814194
2.2999999999999998 2.2999999999999998 1.4003299464097905
2.3199999999999998 2.3199999999999998 1.4183449072852281
2.3399999999999999 2.3399999999999999 1.4363991725067029
2.3599999999999999 2.3599999999999999 1.4544919638894351
2.3799999999999999 2.3799999999999999 1.4726225186537873
2.3999999999999999 2.3999999999999999 1.4907900891203254
2.4199999999999999 2.4199999999999999 1.508993942410908
2.4399999999999999 2.4399999999999999 1.5272333601556947
2.46 2.46 1.5455076382059509
2.48 2.48 1.5638160863525457
2.5 2.5 1.5821580280500096
2.52 2.52 1.6005328001460615
2.54 2.54 1.6189397526164904
2.5600000000000001 2.5600000000000001 1.6373782483052817
2.5800000000000001 2.5800000000000001 1.6558476625709622
2.6000000000000001 2.6000000000000001 1.6743473826107282
2.6200000000000001 2.6200000000000001 1.6928768077825547
2.6400000000000001 2.6400000000000001 1.7114353493676933
2.6600000000000001 2.6600000000000001 1.7300224303338361
2.6800000000000002 2.6800000000000002 1.7486374851029953
2.7000000000000002 2.7000000000000002 1.7672799593239781
2.7200000000000002 2.7200000000000002 1.7859493096494004
2.7400000000000002 2.7400000000000002 1.8046466932175425
2.7599999999999998 2.7599999999999998 1.8233698008082468
2.7799999999999998 2.7799999999999998 1.8421181246734233
2.7999999999999998 2.7999999999999998 1.8608911670859345
2.8199999999999998 2.8199999999999998 1.8796884401418272
2.8399999999999999 2.8399999999999999 1.8985094655664587
2.8599999999999999 2.8599999999999999 1.9173537745244551
2.8799999999999999 2.8799999999999999 1.9362209074334178
2.8999999999999999 2.8999999999999999 1.9551104137813089
2.9199999999999999 2.9199999999999999 1.9740218519474386
2.9399999999999999 2.9399999999999999 1.9929547890269872
2.96 2.96 2.0119088006589885
2.98 2.98 2.0308834708577139
3 3 2.0498783918473746
3.02 3.02 2.0688931639000971
3.04 3.04 2.0879273951770889
3.0600000000000001 3.0600000000000001 2.1069807015729412
3.0800000000000001 3.0800000000000001 2.1260527065630055
3.1000000000000001 3.1000000000000001 2.1451430410537813
3.1200000000000001 3.1200000000000001 2.1642513432362591
3.1400000000000001 3.1400000000000001 2.1833772584421527
3.1600000000000001 3.1600000000000001 2.2025204390029747
3.1800000000000002 3.1800000000000002 2.2216805441118881
3.2000000000000002 3.2000000000000002 2.2408572396882902
3.2200000000000002 3.2200000000000002 2.2600501982450645
3.2400000000000002 3.2400000000000002 2.2792590987584522
3.2599999999999998 3.2599999999999998 2.2984836265404978
3.2799999999999998 3.2799999999999998 2.3177234731140048
3.2999999999999998 3.2999999999999998 2.3369783360899627
3.3199999999999998 3.3199999999999998 2.3562479190473966
3.3399999999999999 3.3399999999999999 2.3755319314155789
3.3599999999999999 3.3599999999999999 2.3948300883585758
3.3799999999999999 3.3799999999999999 2.4141421106620662
3.3999999999999999 3.3999999999999999 2.4334677246223961
3.4199999999999999 3.4199999999999999 2.4528066619378213
3.4399999999999999 3.4399999999999999 2.4721586596019005
3.46 3.46 2.4915234597989859
3.48 3.48 2.5109008098017855
3.5 3.5 2.5302904618709365
3.52 3.52 2.5496921731565654
3.54 3.54 2.5691057056017974
3.5600000000000001 3.5600000000000001 2.5885308258481592
3.5800000000000001 3.5800000000000001 2.6079673051428536
3.6000000000000001 3.6000000000000001 2.6274149192478689
3.6200000000000001 3.6200000000000001 2.6468734483508687
3.6400000000000001 3.6400000000000001 2.6663426769778562
3.6600000000000001 3.6600000000000001 2.6858220105731108
3.6800000000000002 3.6800000000000002 2.7053116726453168
3.7000000000000002 3.7000000000000002 2.7248114573910369
3.7200000000000002 3.7200000000000002 2.7443211631252078
3.7400000000000002 3.7400000000000002 2.7638405921987252
3.7599999999999998 3.7599999999999998 2.7833695509176768
3.7799999999999998 3.7799999999999998 2.8029078494641393
3.7999999999999998 3.7999999999999998 2.8224553018186578
3.8199999999999998 3.8199999999999998 2.8420117256841464
3.8399999999999999 3.8399999999999999 2.8615769424114474
3.8599999999999999 3.8599999999999999 2.881150776926265
3.8799999999999999 3.8799999999999999 2.9007330576576291
3.8999999999999999 3.8999999999999999 2.9203236164677651
3.9199999999999999 3.9199999999999999 2.9399222885833995
3.9399999999999999 3.9399999999999999 2.959528912528349
3.96 3.96 2.9791433300575734
3.98 3.98 2.9987653860924866
