0 0 0
0 0 0
0.0074999999999999997 0 0
0.014999999999999999 0 0
0.022499999999999999 0 0
0.029999999999999999 0 0
0.037499999999999999 0 0
0.044999999999999998 0 0
0.052499999999999998 0 0
0.059999999999999998 0 0
0.067500000000000004 0 0
0.074999999999999997 0 0
0.082500000000000004 0 0
0.089999999999999997 0 0
0.097500000000000003 0 0
0.105 1 0.028504476565613376
0.1125 1 0.1546507535509406
0.12 1 0.33967335850241126
0.1275 1 0.54322752402103702
0.13500000000000001 1 0.73609006256383169
0.14249999999999999 1 0.89911935641502427
0.14999999999999999 1 1.0228186401548196
0.1575 1 1.1051128861162292
0.16500000000000001 1 1.149446379258988
0.17249999999999999 1 1.1627706069600618
0.17999999999999999 1 1.1531750710363562
0.1875 1 1.1288549182980037
0.19500000000000001 1 1.0972845547570431
0.20250000000000001 0 1.0567297961660631
0.20999999999999999 0 0.93008079170402769
0.2175 0 0.73520845857304817
0.22500000000000001 0 0.51602350057365987
0.23250000000000001 0 0.30556327668943706
0.23999999999999999 0 0.12561716162484138
0.2475 0 -0.012558492791805639
0.255 0 -0.10451626531301006
0.26250000000000001 0 -0.15667041675995821
0.27000000000000002 0 -0.17453456377522053
0.27750000000000002 0 -0.16671947213413488
0.28499999999999998 0 -0.14203328779181845
0.29249999999999998 0 -0.10871581773754596
0.29999999999999999 0 -0.073175210418094286
0.3075 0 -0.040328469468731448
0.315 0 -0.013120857727021037
0.32250000000000001 0 0.0070157282928938833
0.33000000000000002 0 0.020031273311994675
0.33750000000000002 0 0.026630686963012077
0.34499999999999997 0 0.028163370021129674
0.35249999999999998 0 0.025965495184562086
0.35999999999999999 0 0.021476070885578603
0.36749999999999999 0 0.015925064573971057
0.375 0 0.01030859386225777
0.38250000000000001 0 0.0052916919502755946
0.39000000000000001 0 0.0012692023734117569
0.39750000000000002 0 -0.001394869795493592
0.40500000000000003 0 -0.0031765852932055519
0.41249999999999998 0 -0.0040439478298693382
0.41999999999999998 0 -0.0041732583776206708
0.42749999999999999 0 -0.0038048591868971231
0.435 0 -0.0031386170249471427
0.4425 0 -0.0023421238744377446
0.45000000000000001 0 -0.0015440129604060776
0.45750000000000002 0 -0.00083390737013186163
0.46500000000000002 0 -0.00026778281106427308
0.47249999999999998 0 0.00012027015029995087
0.47999999999999998 0 0.00035116610302728601
0.48749999999999999 0 0.00048975751751387058
0.495 0 0.00053533931895507114
0.50249999999999995 -0.5 -0.0032687136297001804
0.51000000000000001 -0.5 -0.051429369606740882
0.51749999999999996 -0.5 -0.13665604745409621
0.52500000000000002 -0.5 -0.23725193180079096
0.53249999999999997 -0.5 -0.33683658251912757
0.54000000000000004 -0.5 -0.42416656205859071
0.54749999999999999 -0.5 -0.49291961852327304
0.55500000000000005 -0.5 -0.54003531103836278
0.5625 -0.5 -0.56838134485750513
0.56999999999999995 -0.5 -0.58005415254048709
0.57750000000000001 -0.5 -0.57882862652377198
0.58499999999999996 -0.5 -0.56889761389528548
0.59250000000000003 -0.5 -0.55411163193858481
0.59999999999999998 0 -0.5376982235901776
0.60750000000000004 0 -0.49152941441360082
0.61499999999999999 0 -0.40271724305830464
0.62250000000000005 0 -0.29511737288667367
0.63 0 -0.18695481476303738
0.63749999999999996 0 -0.091014945230661282
0.64500000000000002 0 -0.014560049160683104
0.65249999999999997 0 0.039472425339495229
0.66000000000000003 0 0.072111557929120051
0.66749999999999998 0 0.086303659872254482
0.67500000000000004 0 0.086087882615372979
0.6825 0 0.076015993373036272
0.68999999999999995 0 0.060312113661153896
0.69750000000000001 0 0.042541858016753677
0.70499999999999996 0 0.025439799990776293
0.71250000000000002 0 0.010787619061200536
0.71999999999999997 0 -0.00047769107055960517
0.72750000000000004 0 -0.007991930692062988
0.73499999999999999 0 -0.012303319634437933
0.74250000000000005 0 -0.013831082439023017
0.75 0 -0.013346469513411599
0.75749999999999995 0 -0.011492303087621288
0.76500000000000001 0 -0.0089055099858936018
0.77249999999999996 0 -0.0061338137569294272
0.78000000000000003 0 -0.0035493990205765383
0.78749999999999998 0 -0.0013879928857753691
0.79500000000000004 0 0.00022349721353846864
0.80249999999999999 0 0.0011784337110086942
0.81000000000000005 0 0.0017806002277424527
0.8175 0 0.0019930538819462208
0.82499999999999996 0 0.0019194950839563844
0.83250000000000002 0 0.0016594873243506853
0.83999999999999997 0 0.0013013863735358375
0.84750000000000003 0 0.00091537552709141474
0.85499999999999998 0 0.00055526683024224388
0.86250000000000004 0 0.00025379585627718877
0.87 0 3.4814480584850651e-05
0.87749999999999995 0 -0.0001053946749215004
0.88500000000000001 0 -0.00018812505960802078
0.89249999999999996 0 -0.00022732831819037883
0.90000000000000002 0 -0.00023326259417519166
0.90749999999999997 0 -0.00021437760645524694
0.91500000000000004 0 -0.00018049089923377458
0.92249999999999999 0 -0.00014042922633929157
0.93000000000000005 0 -0.00010083149984530477
0.9375 0 -6.5349026026987017e-05
0.94499999999999995 0 -3.5874139018420421e-05
0.95250000000000001 0 -1.3097965658009764e-05
0.95999999999999996 0 3.1450501389667631e-06
0.96750000000000003 0 1.3570340881346796e-05
0.97499999999999998 0 1.9189763334448831e-05
0.98250000000000004 0 2.1116866151711076e-05
0.98999999999999999 0 2.042897023437622e-05
0.99750000000000005 0 1.8079530963043593e-05
1.0049999999999999 0 1.485180814163764e-05
1.0125 0 1.1344089650735054e-05
1.02 0 7.9771051846935798e-06
1.0275000000000001 0 5.0153931068339425e-06
1.0349999999999999 0 2.5958909592572214e-06
1.0425 0 7.5863927257266445e-07
1.05 0 -5.2396921234767452e-07
1.0575000000000001 0 -1.3216140502425347e-06
1.0649999999999999 0 -1.7252685892640887e-06
1.0725 0 -1.8315145508960535e-06
1.0800000000000001 0 -1.7316724152827001e-06
1.0874999999999999 0 -1.5051178427883909e-06
1.095 0 -1.2159801977049931e-06
1.1025 1 0.007508464853444757
1.1100000000000001 1 0.10410593153573239
1.1174999999999999 1 0.27422700176705245
1.125 1 0.47536028632759492
1.1325000000000001 1 0.67439531650417894
1.1399999999999999 1 0.84891074150810397
1.1475 1 0.98625492502084955
1.155 1 1.0807614962737204
1.1625000000000001 1 1.1373606271199868
1.1699999999999999 1 1.1604798491637756
1.1775 1 1.1578906240644389
1.1850000000000001 1 1.1378431784088303
1.1924999999999999 1 1.1081816776310893
1.2 0 1.0752301409184573
1.2075 0 0.98253827935908777
1.2150000000000001 0 0.8051553547665522
1.2224999999999999 0 0.58973793765123939
1.23 0 0.37337601613003674
1.2375 0 0.18141056348991219
1.2450000000000001 0 0.028548787178662719
1.2524999999999999 0 -0.079806654109790987
1.26 0 -0.144969427270424
1.2675000000000001 0 -0.17307615612842572
1.2749999999999999 0 -0.1724765210373341
1.2825 0 -0.15210647066179647
1.29 0 -0.12059706297025098
1.2975000000000001 0 -0.084917753977330437
1.3049999999999999 0 -0.050557469771014017
1.3125 0 -0.021151782423021265
1.3200000000000001 0 0.0014380800016309731
1.3274999999999999 0 0.016372597096161436
1.335 0 0.025010132496003361
1.3425 0 0.028124703239876359
1.3500000000000001 0 0.02701406745617789
1.3574999999999999 0 0.023152775649178826
1.365 0 0.017836707159199973
1.3725000000000001 0 0.012146833678767829
1.3799999999999999 0 0.0068678779287354363
1.3875 0 0.0024811577510396041
1.395 0 -0.00078178350053568644
1.4025000000000001 0 -0.0027763812583135945
1.4099999999999999 0 -0.0039176529427556069
1.4175 0 -0.0042428060107819968
1.425 0 -0.003999378459634809
1.4325000000000001 0 -0.0033968279069551753
1.4399999999999999 0 -0.0026157049405082641
1.4475 0 -0.001797419982902729
1.4550000000000001 0 -0.0010454659073881249
1.4624999999999999 0 -0.00042297290999255584
1.47 0 2.502507501142044e-05
1.4775 0 0.00029394526019217856
1.4850000000000001 0 0.00046378229310150448
1.4924999999999999 0 0.00053625716166671793
